#DISTRIBUTEDBY =Aerosol Refractive Index Archive (http://eodg.atm.ox.ac.uk/ARIA/)
#SAMPLEFORM= Liquid
#DESCRIPTION=Water between 0.001 and 1000000 cm<SUP>-1</SUP>.
#REFERENCE = Segelstein, D., 1981: "The Complex Refractive Index of Water", M.S. Thesis, University of Missouri--Kansas City
#COMMENT = A spectrum of the imaginary part of the complex index of refraction for water as a function of wave number was compiled from the literature and theoretical considerations. 
#SOURCE =https://mospace.umsystem.edu/xmlui/handle/10355/11599
#SUBSTANCE = WATER
#FORMAT = WAVL N K

     Wavelength(m)   Real Part       Imaginary Part
*BEGIN_DATA
     1.00000E-08     0.968416        1.745E-03
     1.09900E-08     0.964778        2.370E-03
     1.19900E-08     0.960953        3.146E-03
     1.30000E-08     0.956954        4.072E-03
     1.40000E-08     0.952792        5.174E-03
     1.60000E-08     0.944124        7.958E-03
     1.79900E-08     0.934744        1.164E-02
     2.00000E-08     0.924583        1.636E-02
     2.19800E-08     0.913973        2.227E-02
     2.39900E-08     0.902694        2.950E-02
     2.60000E-08     0.890837        3.818E-02
     2.79900E-08     0.878766        4.851E-02
     2.99900E-08     0.866493        6.064E-02
     3.19900E-08     0.854141        7.461E-02
     3.39600E-08     0.842171        9.074E-02
     3.59700E-08     0.830720        1.093E-01
     3.80200E-08     0.819753        1.303E-01
     3.99900E-08     0.809997        1.534E-01
     4.19800E-08     0.802291        1.798E-01
     4.39500E-08     0.797737        2.088E-01
     4.60300E-08     0.797007        2.414E-01
     4.79700E-08     0.805579        2.766E-01
     5.00000E-08     0.820742        2.998E-01
     5.20000E-08     0.830957        3.153E-01
     5.39500E-08     0.835240        3.310E-01
     5.59800E-08     0.835295        3.498E-01
     5.79400E-08     0.831628        3.739E-01
     5.99800E-08     0.830901        4.119E-01
     6.19400E-08     0.840575        4.558E-01
     6.39700E-08     0.866994        5.033E-01
     6.60700E-08     0.903527        5.355E-01
     6.80800E-08     0.941801        5.634E-01
     6.99800E-08     0.981692        5.791E-01
     7.19400E-08     1.020921        5.859E-01
     7.39600E-08     1.049744        5.805E-01
     7.60300E-08     1.068724        5.859E-01
     7.79800E-08     1.087685        5.981E-01
     7.99800E-08     1.111682        6.135E-01
     8.20400E-08     1.140628        6.292E-01
     8.39500E-08     1.173382        6.453E-01
     8.59000E-08     1.214969        6.573E-01
     8.79000E-08     1.259495        6.573E-01
     8.99500E-08     1.302663        6.528E-01
     9.20400E-08     1.346760        6.439E-01
     9.39700E-08     1.387639        6.292E-01
     9.59400E-08     1.425425        6.050E-01
     9.79500E-08     1.455868        5.752E-01
     1.00000E-07     1.476628        5.430E-01
     1.02100E-07     1.493473        5.185E-01
     1.04000E-07     1.506677        4.929E-01
     1.05900E-07     1.516305        4.707E-01
     1.07900E-07     1.523589        4.485E-01
     1.09900E-07     1.528933        4.303E-01
     1.11900E-07     1.535363        4.148E-01
     1.14000E-07     1.543211        3.988E-01
     1.15900E-07     1.548070        3.826E-01
     1.18000E-07     1.553435        3.705E-01
     1.19900E-07     1.560870        3.596E-01
     1.21900E-07     1.570304        3.490E-01
     1.23900E-07     1.584638        3.387E-01
     1.25900E-07     1.606068        3.220E-01
     1.27900E-07     1.626822        2.876E-01
     1.30000E-07     1.633849        2.392E-01
     1.32100E-07     1.619420        1.870E-01
     1.34000E-07     1.586268        1.489E-01
     1.36100E-07     1.536403        1.333E-01
     1.38000E-07     1.496271        1.422E-01
     1.40000E-07     1.471129        1.678E-01
     1.41900E-07     1.461485        1.927E-01
     1.43900E-07     1.460977        2.167E-01
     1.45900E-07     1.469275        2.409E-01
     1.47900E-07     1.489551        2.641E-01
     1.50000E-07     1.521276        2.772E-01
     1.52100E-07     1.559942        2.772E-01
     1.54200E-07     1.596861        2.581E-01
     1.56000E-07     1.620422        2.338E-01
     1.58100E-07     1.641473        2.022E-01
     1.60000E-07     1.650184        1.670E-01
     1.62200E-07     1.652917        1.351E-01
     1.64100E-07     1.653100        1.039E-01
     1.66000E-07     1.647245        7.241E-02
     1.67900E-07     1.635062        3.998E-02
     1.69800E-07     1.605555        3.998E-03
     1.72200E-07     1.568183        2.004E-03
     1.74200E-07     1.549412        1.182E-03
     1.75000E-07     1.543062        8.391E-04
     1.79900E-07     1.513343        5.995E-05
     1.84900E-07     1.491881        1.250E-06
     1.90100E-07     1.475183        3.622E-07
     1.95000E-07     1.462543        1.850E-07
     2.00000E-07     1.451724        1.101E-07
     2.05100E-07     1.442296        6.711E-08
     2.09900E-07     1.434685        3.844E-08
     2.14800E-07     1.427828        1.999E-08
     2.19800E-07     1.421603        1.270E-08
     2.24900E-07     1.415921        1.158E-08
     2.30100E-07     1.410702        1.101E-08
     2.35000E-07     1.406358        1.071E-08
     2.39900E-07     1.402321        1.049E-08
     2.44900E-07     1.398535        9.904E-09
     2.50000E-07     1.394993        9.307E-09
     2.55300E-07     1.391674        8.606E-09
     2.60000E-07     1.388881        7.994E-09
     2.64900E-07     1.386239        7.444E-09
     2.69800E-07     1.383726        6.852E-09
     2.74800E-07     1.381341        6.292E-09
     2.79900E-07     1.379072        5.791E-09
     2.85100E-07     1.376902        5.405E-09
     2.89700E-07     1.375086        4.795E-09
     2.95100E-07     1.373098        4.403E-09
     2.99900E-07     1.371437        4.148E-09
     3.04800E-07     1.369839        3.826E-09
     3.09700E-07     1.368287        3.546E-09
     3.14800E-07     1.366812        3.325E-09
     3.19900E-07     1.365376        3.190E-09
     3.25100E-07     1.363990        3.082E-09
     3.30400E-07     1.362616        2.984E-09
     3.35000E-07     1.361513        2.883E-09
     3.39600E-07     1.360441        2.766E-09
     3.45100E-07     1.359231        2.653E-09
     3.49900E-07     1.358224        2.528E-09
     3.54800E-07     1.357247        2.420E-09
     3.59700E-07     1.356295        2.316E-09
     3.64800E-07     1.355370        2.217E-09
     3.69800E-07     1.354470        2.117E-09
     3.75000E-07     1.353594        2.031E-09
     3.80200E-07     1.352740        1.940E-09
     3.84600E-07     1.352046        1.840E-09
     3.89900E-07     1.351231        1.761E-09
     3.95400E-07     1.350438        1.663E-09
     3.99900E-07     1.349793        1.580E-09
     4.04600E-07     1.349159        1.489E-09
     4.10200E-07     1.348417        1.422E-09
     4.15000E-07     1.347811        1.339E-09
     4.19800E-07     1.347219        1.258E-09
     4.24600E-07     1.346636        1.169E-09
     4.29500E-07     1.346066        1.088E-09
     4.34500E-07     1.345505        1.018E-09
     4.39500E-07     1.344956        9.393E-10
     4.44600E-07     1.344418        8.685E-10
     4.49800E-07     1.343889        8.087E-10
     4.55000E-07     1.343368        7.795E-10
     4.60300E-07     1.342858        7.600E-10
     4.64500E-07     1.342455        7.495E-10
     4.69900E-07     1.341961        7.291E-10
     4.75300E-07     1.341475        7.011E-10
     4.79700E-07     1.341093        7.092E-10
     4.85300E-07     1.340620        7.158E-10
     4.89800E-07     1.340248        7.342E-10
     4.95500E-07     1.339791        7.849E-10
     5.00000E-07     1.339430        9.243E-10
     5.04700E-07     1.339073        1.078E-09
     5.10500E-07     1.338635        1.267E-09
     5.15200E-07     1.338288        1.461E-09
     5.20000E-07     1.337944        1.570E-09
     5.24800E-07     1.337607        1.640E-09
     5.29700E-07     1.337273        1.757E-09
     5.34600E-07     1.336943        1.887E-09
     5.39500E-07     1.336615        2.098E-09
     5.44500E-07     1.336292        2.269E-09
     5.49500E-07     1.335972        2.442E-09
     5.54600E-07     1.335656        2.659E-09
     5.59800E-07     1.335344        2.869E-09
     5.64900E-07     1.335035        3.132E-09
     5.70200E-07     1.334729        3.434E-09
     5.75400E-07     1.334425        3.844E-09
     5.79400E-07     1.334200        4.434E-09
     5.84800E-07     1.333902        5.221E-09
     5.90200E-07     1.333609        6.365E-09
     5.95700E-07     1.333316        7.723E-09
     5.99800E-07     1.333100        9.634E-09
     6.05300E-07     1.332813        1.132E-08
     6.09500E-07     1.332598        1.238E-08
     6.15200E-07     1.332317        1.330E-08
     6.19400E-07     1.332106        1.399E-08
     6.25200E-07     1.331826        1.472E-08
     6.29500E-07     1.331619        1.502E-08
     6.35300E-07     1.331345        1.552E-08
     6.39700E-07     1.331144        1.570E-08
     6.45700E-07     1.330877        1.606E-08
     6.50100E-07     1.330683        1.674E-08
     6.54600E-07     1.330490        1.777E-08
     6.60700E-07     1.330238        1.940E-08
     6.65300E-07     1.330052        2.031E-08
     6.69900E-07     1.329869        2.098E-08
     6.74500E-07     1.329690        2.177E-08
     6.80800E-07     1.329452        2.300E-08
     6.85500E-07     1.329278        2.471E-08
     6.90200E-07     1.329106        2.653E-08
     6.95000E-07     1.328938        2.963E-08
     6.99800E-07     1.328769        3.348E-08
     7.04700E-07     1.328603        4.100E-08
     7.09600E-07     1.328440        4.998E-08
     7.14500E-07     1.328279        5.995E-08
     7.19400E-07     1.328120        7.291E-08
     7.24400E-07     1.327963        9.137E-08
     7.29500E-07     1.327808        1.150E-07
     7.34500E-07     1.327652        1.348E-07
     7.39600E-07     1.327502        1.458E-07
     7.44700E-07     1.327350        1.530E-07
     7.49900E-07     1.327201        1.559E-07
     7.55100E-07     1.327055        1.580E-07
     7.60300E-07     1.326909        1.580E-07
     7.65600E-07     1.326764        1.570E-07
     7.69100E-07     1.326667        1.527E-07
     7.74500E-07     1.326524        1.478E-07
     7.79800E-07     1.326382        1.409E-07
     7.85200E-07     1.326244        1.339E-07
     7.90700E-07     1.326104        1.282E-07
     7.94300E-07     1.326012        1.258E-07
     7.99800E-07     1.325874        1.250E-07
     8.05400E-07     1.325739        1.270E-07
     8.09100E-07     1.325648        1.330E-07
     8.14700E-07     1.325512        1.448E-07
     8.20400E-07     1.325379        1.621E-07
     8.24100E-07     1.325290        1.819E-07
     8.29900E-07     1.325157        2.041E-07
     8.35600E-07     1.325025        2.243E-07
     8.39500E-07     1.324937        2.459E-07
     8.45300E-07     1.324805        2.690E-07
     8.49200E-07     1.324718        2.929E-07
     8.55100E-07     1.324590        3.153E-07
     8.59000E-07     1.324502        3.348E-07
     8.65000E-07     1.324373        3.546E-07
     8.71000E-07     1.324244        3.748E-07
     8.75000E-07     1.324159        3.907E-07
     8.79000E-07     1.324074        4.053E-07
     8.85100E-07     1.323946        4.234E-07
     8.89200E-07     1.323859        4.403E-07
     8.95400E-07     1.323732        4.622E-07
     8.99500E-07     1.323648        4.862E-07
     9.05700E-07     1.323520        5.150E-07
     9.09900E-07     1.323434        5.699E-07
     9.14100E-07     1.323351        6.696E-07
     9.20400E-07     1.323222        8.304E-07
     9.24700E-07     1.323138        1.060E-06
     9.29000E-07     1.323054        1.368E-06
     9.35400E-07     1.322926        1.771E-06
     9.39700E-07     1.322842        2.169E-06
     9.44100E-07     1.322757        2.557E-06
     9.50600E-07     1.322630        2.932E-06
     9.55000E-07     1.322546        3.190E-06
     9.59400E-07     1.322462        3.358E-06
     9.66100E-07     1.322333        3.464E-06
     9.70500E-07     1.322249        3.502E-06
     9.75000E-07     1.322165        3.480E-06
     9.79500E-07     1.322080        3.418E-06
     9.84000E-07     1.321994        3.336E-06
     9.90800E-07     1.321866        3.253E-06
     9.95400E-07     1.321780        3.131E-06
     1.00000E-06     1.321695        3.000E-06
     1.00900E-06     1.321521        2.688E-06
     1.02100E-06     1.321303        2.352E-06
     1.03000E-06     1.321128        2.001E-06
     1.04000E-06     1.320952        1.690E-06
     1.05000E-06     1.320775        1.419E-06
     1.05900E-06     1.320596        1.299E-06
     1.06900E-06     1.320416        1.259E-06
     1.07900E-06     1.320233        1.329E-06
     1.08900E-06     1.320051        1.499E-06
     1.09900E-06     1.319865        1.708E-06
     1.10900E-06     1.319678        2.038E-06
     1.11900E-06     1.319488        2.628E-06
     1.13000E-06     1.319296        3.869E-06
     1.14000E-06     1.319103        5.951E-06
     1.15100E-06     1.318909        9.306E-06
     1.15900E-06     1.318763        1.069E-05
     1.16900E-06     1.318566        1.120E-05
     1.18000E-06     1.318366        1.160E-05
     1.19100E-06     1.318162        1.181E-05
     1.19900E-06     1.318008        1.199E-05
     1.21100E-06     1.317799        1.191E-05
     1.21900E-06     1.317641        1.179E-05
     1.23000E-06     1.317427        1.160E-05
     1.23900E-06     1.317263        1.139E-05
     1.25000E-06     1.317042        1.100E-05
     1.25900E-06     1.316873        1.079E-05
     1.27100E-06     1.316645        1.090E-05
     1.27900E-06     1.316470        1.139E-05
     1.29100E-06     1.316233        1.221E-05
     1.30000E-06     1.316052        1.400E-05
     1.30900E-06     1.315868        1.639E-05
     1.32100E-06     1.315618        1.912E-05
     1.33000E-06     1.315425        2.251E-05
     1.34000E-06     1.315228        2.849E-05
     1.34900E-06     1.315031        4.047E-05
     1.36100E-06     1.314760        4.505E-05
     1.37100E-06     1.314547        5.804E-05
     1.38000E-06     1.314329        7.802E-05
     1.39000E-06     1.314104        1.060E-04
     1.40000E-06     1.313871        1.530E-04
     1.40900E-06     1.313671        2.540E-04
     1.41900E-06     1.313518        3.197E-04
     1.42900E-06     1.313373        3.538E-04
     1.43900E-06     1.313220        3.629E-04
     1.44900E-06     1.313055        3.637E-04
     1.45900E-06     1.312888        3.604E-04
     1.46900E-06     1.312715        3.387E-04
     1.47900E-06     1.312525        3.018E-04
     1.48900E-06     1.312318        2.659E-04
     1.50000E-06     1.312093        2.248E-04
     1.51000E-06     1.311852        1.958E-04
     1.52100E-06     1.311604        1.741E-04
     1.53100E-06     1.311352        1.602E-04
     1.54200E-06     1.311097        1.441E-04
     1.54900E-06     1.310923        1.348E-04
     1.56000E-06     1.310659        1.240E-04
     1.57000E-06     1.310387        1.140E-04
     1.58100E-06     1.310114        1.071E-04
     1.58900E-06     1.309928        9.940E-05
     1.60000E-06     1.309642        9.347E-05
     1.61100E-06     1.309352        8.804E-05
     1.62200E-06     1.309055        8.310E-05
     1.62900E-06     1.308855        8.096E-05
     1.64100E-06     1.308548        7.903E-05
     1.64800E-06     1.308341        7.591E-05
     1.66000E-06     1.308021        7.398E-05
     1.67100E-06     1.307672        7.404E-05
     1.67900E-06     1.307435        7.495E-05
     1.69000E-06     1.307073        7.601E-05
     1.69800E-06     1.306829        7.743E-05
     1.71000E-06     1.306453        8.050E-05
     1.72200E-06     1.306070        8.410E-05
     1.73000E-06     1.305809        8.900E-05
     1.74200E-06     1.305413        9.510E-05
     1.75000E-06     1.305142        1.000E-04
     1.76200E-06     1.304727        1.051E-04
     1.77000E-06     1.304442        1.120E-04
     1.77800E-06     1.304155        1.219E-04
     1.79100E-06     1.303718        1.330E-04
     1.79900E-06     1.303418        1.359E-04
     1.81100E-06     1.302947        1.371E-04
     1.82000E-06     1.302616        1.380E-04
     1.82800E-06     1.302269        1.418E-04
     1.84100E-06     1.301709        1.552E-04
     1.84900E-06     1.301291        1.861E-04
     1.86200E-06     1.300633        3.205E-04
     1.87100E-06     1.300214        5.209E-04
     1.87900E-06     1.299860        7.224E-04
     1.88800E-06     1.299545        9.221E-04
     1.90100E-06     1.298998        1.161E-03
     1.91000E-06     1.298791        1.678E-03
     1.91900E-06     1.298793        1.827E-03
     1.93200E-06     1.298681        1.922E-03
     1.94100E-06     1.298590        1.909E-03
     1.95000E-06     1.298472        1.848E-03
     1.95900E-06     1.298308        1.717E-03
     1.96800E-06     1.298051        1.548E-03
     1.98200E-06     1.297607        1.402E-03
     1.99100E-06     1.297292        1.250E-03
     2.00000E-06     1.296913        1.101E-03
     2.00900E-06     1.296499        9.904E-04
     2.01800E-06     1.296066        8.888E-04
     2.02800E-06     1.295606        8.050E-04
     2.04200E-06     1.294919        7.392E-04
     2.05100E-06     1.294457        6.742E-04
     2.06100E-06     1.293973        6.206E-04
     2.07000E-06     1.293476        5.725E-04
     2.08000E-06     1.292966        5.294E-04
     2.08900E-06     1.292438        4.884E-04
     2.09900E-06     1.291899        4.643E-04
     2.10900E-06     1.291353        4.403E-04
     2.11800E-06     1.290795        4.176E-04
     2.12800E-06     1.290221        3.970E-04
     2.13800E-06     1.289634        3.826E-04
     2.14800E-06     1.289033        3.705E-04
     2.15800E-06     1.288418        3.587E-04
     2.16800E-06     1.287787        3.506E-04
     2.17800E-06     1.287139        3.434E-04
     2.18800E-06     1.286474        3.395E-04
     2.19800E-06     1.285790        3.379E-04
     2.20800E-06     1.285087        3.387E-04
     2.21800E-06     1.284365        3.410E-04
     2.22800E-06     1.283619        3.458E-04
     2.23900E-06     1.282852        3.571E-04
     2.24900E-06     1.282064        3.739E-04
     2.25900E-06     1.281256        3.898E-04
     2.27000E-06     1.280421        4.081E-04
     2.28000E-06     1.279561        4.293E-04
     2.29100E-06     1.278675        4.506E-04
     2.30100E-06     1.277755        4.686E-04
     2.31200E-06     1.276797        4.918E-04
     2.31700E-06     1.276305        5.114E-04
     2.32800E-06     1.275295        5.430E-04
     2.33900E-06     1.274257        5.995E-04
     2.35000E-06     1.273184        6.365E-04
     2.36000E-06     1.272062        6.852E-04
     2.37100E-06     1.270902        7.427E-04
     2.38200E-06     1.269682        7.921E-04
     2.38800E-06     1.269059        8.488E-04
     2.39900E-06     1.267787        9.095E-04
     2.41000E-06     1.266450        9.904E-04
     2.42100E-06     1.265059        1.071E-03
     2.43200E-06     1.263577        1.150E-03
     2.43800E-06     1.262824        1.250E-03
     2.44900E-06     1.261297        1.348E-03
     2.46000E-06     1.259683        1.472E-03
     2.47200E-06     1.257969        1.580E-03
     2.47700E-06     1.257102        1.709E-03
     2.48900E-06     1.255347        1.810E-03
     2.50000E-06     1.253465        1.900E-03
     2.51200E-06     1.251445        1.953E-03
     2.51800E-06     1.250383        1.990E-03
     2.52900E-06     1.248127        2.017E-03
     2.54100E-06     1.245672        2.069E-03
     2.55300E-06     1.243014        2.142E-03
     2.56400E-06     1.240167        2.269E-03
     2.57000E-06     1.238670        2.311E-03
     2.57600E-06     1.237089        2.338E-03
     2.58200E-06     1.235426        2.387E-03
     2.58800E-06     1.233679        2.425E-03
     2.59400E-06     1.231834        2.476E-03
     2.60600E-06     1.227769        2.575E-03
     2.61200E-06     1.225483        2.703E-03
     2.61800E-06     1.223082        2.977E-03
     2.62400E-06     1.220535        3.302E-03
     2.63000E-06     1.218078        4.016E-03
     2.63600E-06     1.215699        4.363E-03
     2.64900E-06     1.209954        4.828E-03
     2.65500E-06     1.206519        5.368E-03
     2.66100E-06     1.202951        6.278E-03
     2.66700E-06     1.199289        7.325E-03
     2.67300E-06     1.195340        8.547E-03
     2.67900E-06     1.191390        1.049E-02
     2.68500E-06     1.188087        1.270E-02
     2.69800E-06     1.179962        1.451E-02
     2.70400E-06     1.174582        1.640E-02
     2.71000E-06     1.168874        1.861E-02
     2.71600E-06     1.160993        2.050E-02
     2.72300E-06     1.152876        2.817E-02
     2.72900E-06     1.149520        3.800E-02
     2.74200E-06     1.142068        4.622E-02
     2.74800E-06     1.136183        5.480E-02
     2.75400E-06     1.132860        6.483E-02
     2.76100E-06     1.131711        7.444E-02
     2.76700E-06     1.132778        8.352E-02
     2.78000E-06     1.130913        9.285E-02
     2.78600E-06     1.127959        1.020E-01
     2.79300E-06     1.127558        1.119E-01
     2.79900E-06     1.129478        1.210E-01
     2.81200E-06     1.128413        1.312E-01
     2.81800E-06     1.125532        1.422E-01
     2.82500E-06     1.125351        1.541E-01
     2.83100E-06     1.127523        1.670E-01
     2.83800E-06     1.133346        1.798E-01
     2.85100E-06     1.142386        1.940E-01
     2.85800E-06     1.145545        2.060E-01
     2.86400E-06     1.152284        2.182E-01
     2.87100E-06     1.162372        2.290E-01
     2.88400E-06     1.178446        2.392E-01
     2.89100E-06     1.185419        2.493E-01
     2.89700E-06     1.195889        2.581E-01
     2.90400E-06     1.208002        2.647E-01
     2.91700E-06     1.229654        2.715E-01
     2.92400E-06     1.240033        2.759E-01
     2.93100E-06     1.252073        2.798E-01
     2.93800E-06     1.263935        2.804E-01
     2.95100E-06     1.285942        2.824E-01
     2.95800E-06     1.297762        2.817E-01
     2.96500E-06     1.307891        2.785E-01
     2.97900E-06     1.326310        2.759E-01
     2.98500E-06     1.334533        2.721E-01
     2.99900E-06     1.352917        2.721E-01
     3.04800E-06     1.411876        2.398E-01
     3.09700E-06     1.452013        1.918E-01
     3.14800E-06     1.466753        1.348E-01
     3.19900E-06     1.461522        9.243E-02
     3.25100E-06     1.449409        6.106E-02
     3.30400E-06     1.432585        3.688E-02
     3.35000E-06     1.417064        2.611E-02
     3.39600E-06     1.404875        1.949E-02
     3.45100E-06     1.393260        1.321E-02
     3.49900E-06     1.384213        9.393E-03
     3.54800E-06     1.376092        6.789E-03
     3.59700E-06     1.368863        5.150E-03
     3.64800E-06     1.362546        4.234E-03
     3.69800E-06     1.356937        3.596E-03
     3.75000E-06     1.351891        3.402E-03
     3.80200E-06     1.347393        3.402E-03
     3.84600E-06     1.343958        3.530E-03
     3.89900E-06     1.340174        3.800E-03
     3.95400E-06     1.336658        4.157E-03
     3.99900E-06     1.333929        4.600E-03
     4.04600E-06     1.331403        5.067E-03
     4.10200E-06     1.328504        5.621E-03
     4.15000E-06     1.326183        6.220E-03
     4.19800E-06     1.323997        6.883E-03
     4.24600E-06     1.321906        7.600E-03
     4.29500E-06     1.319948        8.449E-03
     4.34500E-06     1.318113        9.307E-03
     4.39500E-06     1.316398        1.030E-02
     4.44600E-06     1.314920        1.140E-02
     4.49800E-06     1.313587        1.238E-02
     4.55000E-06     1.312483        1.361E-02
     4.60300E-06     1.311785        1.472E-02
     4.64500E-06     1.311588        1.548E-02
     4.69900E-06     1.311451        1.570E-02
     4.75300E-06     1.311148        1.552E-02
     4.79700E-06     1.310657        1.499E-02
     4.85300E-06     1.309721        1.441E-02
     4.89800E-06     1.308720        1.370E-02
     4.95500E-06     1.307228        1.312E-02
     5.00000E-06     1.305885        1.241E-02
     5.04700E-06     1.304258        1.180E-02
     5.10500E-06     1.301965        1.111E-02
     5.15200E-06     1.299910        1.061E-02
     5.20000E-06     1.297550        1.011E-02
     5.24800E-06     1.294933        9.904E-03
     5.29700E-06     1.292117        9.790E-03
     5.34600E-06     1.289015        9.881E-03
     5.39500E-06     1.285729        1.030E-02
     5.44500E-06     1.282194        1.078E-02
     5.49500E-06     1.278291        1.158E-02
     5.54600E-06     1.273883        1.258E-02
     5.59800E-06     1.268802        1.418E-02
     5.64900E-06     1.262994        1.659E-02
     5.70200E-06     1.256584        2.031E-02
     5.75400E-06     1.248370        2.482E-02
     5.79400E-06     1.242239        3.295E-02
     5.84800E-06     1.234896        4.323E-02
     5.90200E-06     1.229289        6.220E-02
     5.95700E-06     1.231892        8.646E-02
     5.99800E-06     1.242862        1.069E-01
     6.05300E-06     1.268459        1.250E-01
     6.09500E-06     1.295314        1.309E-01
     6.15200E-06     1.330121        1.172E-01
     6.19400E-06     1.341605        8.786E-02
     6.25200E-06     1.339863        6.947E-02
     6.29500E-06     1.335754        5.699E-02
     6.35300E-06     1.329242        4.952E-02
     6.39700E-06     1.325038        4.485E-02
     6.45700E-06     1.320468        4.176E-02
     6.50100E-06     1.317726        3.925E-02
     6.54600E-06     1.314837        3.731E-02
     6.60700E-06     1.311404        3.563E-02
     6.65300E-06     1.309021        3.450E-02
     6.69900E-06     1.306716        3.371E-02
     6.74500E-06     1.304521        3.310E-02
     6.80800E-06     1.301901        3.272E-02
     6.85500E-06     1.300125        3.242E-02
     6.90200E-06     1.298382        3.220E-02
     6.95000E-06     1.296751        3.212E-02
     6.99800E-06     1.295193        3.197E-02
     7.04700E-06     1.293609        3.190E-02
     7.09600E-06     1.292093        3.197E-02
     7.14500E-06     1.290696        3.205E-02
     7.19400E-06     1.289296        3.205E-02
     7.24400E-06     1.287944        3.220E-02
     7.29500E-06     1.286624        3.220E-02
     7.34500E-06     1.285242        3.227E-02
     7.39600E-06     1.283912        3.242E-02
     7.44700E-06     1.282606        3.249E-02
     7.49900E-06     1.281248        3.257E-02
     7.55100E-06     1.279895        3.272E-02
     7.60300E-06     1.278508        3.279E-02
     7.65600E-06     1.277123        3.302E-02
     7.69100E-06     1.276220        3.310E-02
     7.74500E-06     1.274794        3.325E-02
     7.79800E-06     1.273363        3.348E-02
     7.85200E-06     1.271952        3.371E-02
     7.90700E-06     1.270543        3.395E-02
     7.94300E-06     1.269613        3.410E-02
     7.99800E-06     1.268163        3.426E-02
     8.05400E-06     1.266657        3.450E-02
     8.09100E-06     1.265652        3.466E-02
     8.14700E-06     1.264125        3.490E-02
     8.20400E-06     1.262564        3.514E-02
     8.24100E-06     1.261488        3.530E-02
     8.29900E-06     1.259903        3.563E-02
     8.35600E-06     1.258240        3.579E-02
     8.39500E-06     1.257072        3.604E-02
     8.45300E-06     1.255384        3.637E-02
     8.49200E-06     1.254220        3.654E-02
     8.55100E-06     1.252405        3.688E-02
     8.59000E-06     1.251193        3.714E-02
     8.65000E-06     1.249353        3.748E-02
     8.71000E-06     1.247433        3.783E-02
     8.75000E-06     1.246095        3.809E-02
     8.79000E-06     1.244791        3.844E-02
     8.85100E-06     1.242789        3.880E-02
     8.89200E-06     1.241424        3.916E-02
     8.95400E-06     1.239322        3.952E-02
     8.99500E-06     1.237862        3.988E-02
     9.05700E-06     1.235657        4.035E-02
     9.09900E-06     1.234142        4.072E-02
     9.14100E-06     1.232659        4.110E-02
     9.20400E-06     1.230259        4.148E-02
     9.24700E-06     1.228589        4.196E-02
     9.29000E-06     1.226967        4.234E-02
     9.35400E-06     1.224439        4.293E-02
     9.39700E-06     1.222699        4.333E-02
     9.44100E-06     1.220909        4.373E-02
     9.50600E-06     1.218113        4.434E-02
     9.55000E-06     1.216115        4.475E-02
     9.59400E-06     1.214136        4.537E-02
     9.66100E-06     1.211068        4.600E-02
     9.70500E-06     1.208909        4.664E-02
     9.75000E-06     1.206729        4.718E-02
     9.79500E-06     1.204471        4.784E-02
     9.84000E-06     1.202228        4.851E-02
     9.90800E-06     1.198600        4.929E-02
     9.95400E-06     1.195932        4.998E-02
     1.00000E-05     1.193164        5.079E-02
     1.00500E-05     1.190334        5.174E-02
     1.00900E-05     1.187365        5.270E-02
     1.01400E-05     1.183900        5.380E-02
     1.02100E-05     1.180893        5.805E-02
     1.02600E-05     1.178360        5.634E-02
     1.03000E-05     1.174182        5.845E-02
     1.03500E-05     1.170827        5.995E-02
     1.04000E-05     1.167354        6.191E-02
     1.04500E-05     1.163960        6.394E-02
     1.05000E-05     1.160584        6.619E-02
     1.05400E-05     1.157248        6.852E-02
     1.05900E-05     1.153843        7.092E-02
     1.06400E-05     1.150368        7.359E-02
     1.06900E-05     1.146959        7.652E-02
     1.07400E-05     1.143601        7.958E-02
     1.07900E-05     1.140345        8.294E-02
     1.08400E-05     1.137372        8.646E-02
     1.08900E-05     1.134419        8.970E-02
     1.09400E-05     1.131445        9.328E-02
     1.09900E-05     1.128640        9.678E-02
     1.10400E-05     1.125466        9.995E-02
     1.10900E-05     1.122010        1.039E-01
     1.11400E-05     1.118841        1.083E-01
     1.11900E-05     1.116059        1.129E-01
     1.12500E-05     1.113289        1.172E-01
     1.13000E-05     1.110334        1.218E-01
     1.13500E-05     1.107674        1.270E-01
     1.14000E-05     1.105361        1.321E-01
     1.14600E-05     1.103057        1.370E-01
     1.15100E-05     1.100705        1.422E-01
     1.15600E-05     1.097503        1.472E-01
     1.15900E-05     1.096584        1.520E-01
     1.16400E-05     1.096068        1.570E-01
     1.16900E-05     1.094339        1.621E-01
     1.17500E-05     1.092339        1.678E-01
     1.18000E-05     1.090622        1.741E-01
     1.18600E-05     1.089062        1.802E-01
     1.19100E-05     1.086474        1.865E-01
     1.19400E-05     1.086163        1.927E-01
     1.19900E-05     1.087480        1.990E-01
     1.20500E-05     1.087926        2.055E-01
     1.21100E-05     1.087993        2.112E-01
     1.21600E-05     1.086723        2.177E-01
     1.21900E-05     1.087212        2.238E-01
     1.22500E-05     1.089721        2.295E-01
     1.23000E-05     1.090913        2.359E-01
     1.23600E-05     1.091270        2.420E-01
     1.23900E-05     1.092375        2.476E-01
     1.24500E-05     1.095643        2.528E-01
     1.25000E-05     1.098011        2.593E-01
     1.25600E-05     1.099603        2.641E-01
     1.25900E-05     1.100816        2.690E-01
     1.26500E-05     1.104624        2.740E-01
     1.27100E-05     1.107403        2.791E-01
     1.27600E-05     1.108999        2.837E-01
     1.27900E-05     1.110319        2.883E-01
     1.28500E-05     1.114243        2.929E-01
     1.29100E-05     1.116753        2.977E-01
     1.29400E-05     1.118262        3.012E-01
     1.30000E-05     1.122067        3.060E-01
     1.30600E-05     1.124841        3.103E-01
     1.30900E-05     1.126485        3.139E-01
     1.31500E-05     1.130583        3.183E-01
     1.32100E-05     1.133825        3.227E-01
     1.32400E-05     1.135773        3.257E-01
     1.33000E-05     1.139515        3.295E-01
     1.33400E-05     1.141428        3.325E-01
     1.34000E-05     1.145850        3.363E-01
     1.34600E-05     1.149628        3.402E-01
     1.34900E-05     1.151643        3.426E-01
     1.35500E-05     1.156338        3.466E-01
     1.36100E-05     1.160150        3.490E-01
     1.36500E-05     1.161869        3.514E-01
     1.37100E-05     1.165763        3.546E-01
     1.37400E-05     1.167947        3.571E-01
     1.38000E-05     1.172049        3.596E-01
     1.38400E-05     1.174089        3.621E-01
     1.39000E-05     1.178513        3.646E-01
     1.39600E-05     1.182458        3.680E-01
     1.40000E-05     1.184740        3.696E-01
     1.40600E-05     1.189086        3.722E-01
     1.40900E-05     1.191399        3.739E-01
     1.41600E-05     1.195603        3.757E-01
     1.41900E-05     1.197623        3.774E-01
     1.42600E-05     1.201594        3.791E-01
     1.42900E-05     1.203552        3.809E-01
     1.43500E-05     1.207465        3.826E-01
     1.43900E-05     1.209428        3.844E-01
     1.44500E-05     1.213645        3.862E-01
     1.44900E-05     1.215328        3.871E-01
     1.45500E-05     1.218762        3.898E-01
     1.45900E-05     1.220973        3.916E-01
     1.46600E-05     1.225566        3.934E-01
     1.46900E-05     1.227627        3.943E-01
     1.47600E-05     1.231631        3.961E-01
     1.47900E-05     1.233597        3.970E-01
     1.48600E-05     1.237500        3.988E-01
     1.48900E-05     1.239445        3.998E-01
     1.49600E-05     1.243348        4.016E-01
     1.50000E-05     1.245318        4.025E-01
     1.50700E-05     1.249380        4.044E-01
     1.51000E-05     1.251704        4.053E-01
     1.51400E-05     1.253631        4.053E-01
     1.52100E-05     1.256977        4.072E-01
     1.52400E-05     1.258880        4.081E-01
     1.53100E-05     1.263173        4.100E-01
     1.53500E-05     1.265082        4.100E-01
     1.54200E-05     1.268440        4.119E-01
     1.54500E-05     1.270391        4.128E-01
     1.54900E-05     1.272559        4.138E-01
     1.55600E-05     1.276473        4.148E-01
     1.56000E-05     1.278233        4.157E-01
     1.56700E-05     1.282639        4.176E-01
     1.57000E-05     1.284709        4.176E-01
     1.57400E-05     1.286576        4.186E-01
     1.58100E-05     1.290576        4.196E-01
     1.58500E-05     1.292723        4.205E-01
     1.58900E-05     1.294706        4.205E-01
     1.59600E-05     1.298872        4.225E-01
     1.60000E-05     1.301310        4.225E-01
     1.60300E-05     1.303145        4.225E-01
     1.61100E-05     1.306556        4.234E-01
     1.61400E-05     1.308540        4.244E-01
     1.62200E-05     1.313112        4.254E-01
     1.62600E-05     1.315327        4.254E-01
     1.62900E-05     1.317122        4.254E-01
     1.63700E-05     1.320901        4.264E-01
     1.64100E-05     1.322675        4.264E-01
     1.64400E-05     1.324631        4.274E-01
     1.64800E-05     1.326773        4.274E-01
     1.65600E-05     1.330870        4.283E-01
     1.66000E-05     1.333056        4.283E-01
     1.66300E-05     1.334869        4.283E-01
     1.67100E-05     1.338869        4.293E-01
     1.67500E-05     1.341074        4.293E-01
     1.67900E-05     1.342949        4.293E-01
     1.68700E-05     1.347481        4.303E-01
     1.69000E-05     1.349696        4.293E-01
     1.69400E-05     1.351233        4.293E-01
     1.69800E-05     1.352834        4.293E-01
     1.70600E-05     1.356772        4.303E-01
     1.71000E-05     1.359301        4.303E-01
     1.71400E-05     1.361083        4.293E-01
     1.72200E-05     1.364655        4.303E-01
     1.72600E-05     1.367219        4.303E-01
     1.73000E-05     1.369211        4.293E-01
     1.73400E-05     1.370751        4.293E-01
     1.74200E-05     1.374519        4.293E-01
     1.74600E-05     1.376758        4.293E-01
     1.75000E-05     1.378598        4.283E-01
     1.75400E-05     1.380029        4.283E-01
     1.76200E-05     1.383660        4.283E-01
     1.76600E-05     1.385875        4.283E-01
     1.77000E-05     1.387734        4.274E-01
     1.77400E-05     1.389417        4.274E-01
     1.77800E-05     1.390838        4.264E-01
     1.78600E-05     1.394313        4.274E-01
     1.79100E-05     1.396377        4.264E-01
     1.79500E-05     1.398169        4.264E-01
     1.79900E-05     1.399826        4.254E-01
     1.80300E-05     1.401123        4.254E-01
     1.81100E-05     1.404604        4.254E-01
     1.81600E-05     1.406786        4.254E-01
     1.82000E-05     1.408657        4.244E-01
     1.82400E-05     1.410419        4.244E-01
     1.82800E-05     1.412092        4.234E-01
     1.83700E-05     1.415276        4.234E-01
     1.84100E-05     1.417548        4.234E-01
     1.84500E-05     1.419809        4.225E-01
     1.84900E-05     1.421557        4.215E-01
     1.85400E-05     1.422820        4.205E-01
     1.86200E-05     1.426178        4.205E-01
     1.86600E-05     1.428308        4.196E-01
     1.87100E-05     1.429982        4.186E-01
     1.87500E-05     1.431240        4.176E-01
     1.87900E-05     1.432797        4.176E-01
     1.88400E-05     1.434643        4.167E-01
     1.88800E-05     1.435881        4.157E-01
     1.89700E-05     1.439563        4.157E-01
     1.90100E-05     1.441618        4.138E-01
     1.90500E-05     1.442846        4.128E-01
     1.91000E-05     1.444197        4.119E-01
     1.91400E-05     1.445486        4.110E-01
     1.91900E-05     1.446666        4.100E-01
     1.92300E-05     1.447502        4.091E-01
     1.93200E-05     1.450255        4.091E-01
     1.93600E-05     1.452188        4.081E-01
     1.94100E-05     1.453825        4.072E-01
     1.94500E-05     1.455604        4.062E-01
     1.95000E-05     1.456898        4.044E-01
     1.95400E-05     1.457713        4.035E-01
     1.95900E-05     1.458719        4.025E-01
     1.96300E-05     1.459690        4.016E-01
     1.96800E-05     1.460391        4.007E-01
     1.97700E-05     1.463349        4.007E-01
     1.98200E-05     1.465400        3.988E-01
     1.98600E-05     1.466543        3.970E-01
     1.99100E-05     1.467000        3.952E-01
     1.99500E-05     1.467249        3.943E-01
     2.00000E-05     1.467642        3.934E-01
     2.09900E-05     1.483693        3.818E-01
     2.19800E-05     1.499422        3.722E-01
     2.30100E-05     1.516402        3.629E-01
     2.39900E-05     1.529309        3.482E-01
     2.50000E-05     1.537967        3.356E-01
     2.60000E-05     1.544080        3.227E-01
     2.69800E-05     1.546670        3.103E-01
     2.79900E-05     1.546272        2.991E-01
     2.89700E-05     1.542658        2.889E-01
     2.99900E-05     1.535500        2.817E-01
     3.09700E-05     1.527225        2.791E-01
     3.19900E-05     1.519076        2.798E-01
     3.30400E-05     1.511879        2.830E-01
     3.39600E-05     1.505906        2.863E-01
     3.49900E-05     1.498932        2.916E-01
     3.59700E-05     1.492960        2.991E-01
     3.69800E-05     1.486740        3.068E-01
     3.80200E-05     1.481006        3.190E-01
     3.89900E-05     1.478232        3.317E-01
     3.99900E-05     1.476571        3.442E-01
     4.10200E-05     1.475642        3.587E-01
     4.19800E-05     1.477194        3.739E-01
     4.29500E-05     1.480747        3.880E-01
     4.39500E-05     1.485266        4.025E-01
     4.49800E-05     1.491543        4.176E-01
     4.60300E-05     1.499424        4.323E-01
     4.69900E-05     1.508821        4.465E-01
     4.79700E-05     1.520272        4.579E-01
     4.89800E-05     1.531473        4.675E-01
     5.00000E-05     1.542270        4.773E-01
     5.20000E-05     1.567492        4.975E-01
     5.39500E-05     1.594131        5.079E-01
     5.59800E-05     1.619157        5.162E-01
     5.79400E-05     1.643739        5.233E-01
     5.99800E-05     1.669053        5.258E-01
     6.19400E-05     1.690223        5.246E-01
     6.39700E-05     1.709762        5.246E-01
     6.60700E-05     1.729441        5.233E-01
     6.80800E-05     1.747333        5.209E-01
     6.99800E-05     1.762824        5.174E-01
     7.19400E-05     1.777162        5.138E-01
     7.39600E-05     1.790800        5.103E-01
     7.60300E-05     1.805539        5.079E-01
     7.79800E-05     1.819110        5.021E-01
     7.99800E-05     1.830882        4.964E-01
     8.20400E-05     1.842330        4.907E-01
     8.39500E-05     1.851943        4.839E-01
     8.59000E-05     1.859854        4.773E-01
     8.79000E-05     1.867327        4.718E-01
     8.99500E-05     1.874242        4.654E-01
     9.20400E-05     1.880545        4.600E-01
     9.39700E-05     1.886330        4.548E-01
     9.59400E-05     1.891384        4.485E-01
     9.79500E-05     1.895435        4.434E-01
     1.00000E-04     1.899131        4.383E-01
     1.09900E-04     1.907505        4.176E-01
     1.19900E-04     1.911671        4.167E-01
     1.30000E-04     1.919973        4.186E-01
     1.40000E-04     1.927412        4.205E-01
     1.50000E-04     1.934154        4.264E-01
     1.60000E-04     1.941655        4.333E-01
     1.69800E-04     1.948419        4.403E-01
     1.79900E-04     1.955736        4.506E-01
     1.90100E-04     1.965156        4.611E-01
     2.00000E-04     1.974559        4.697E-01
     2.09900E-04     1.983438        4.784E-01
     2.19800E-04     1.992287        4.873E-01
     2.30100E-04     2.001418        4.964E-01
     2.39900E-04     2.010446        5.056E-01
     2.50000E-04     2.020318        5.138E-01
     2.60000E-04     2.029224        5.209E-01
     2.69800E-04     2.037243        5.282E-01
     2.79900E-04     2.045135        5.355E-01
     2.89700E-04     2.052476        5.430E-01
     2.99900E-04     2.059773        5.505E-01
     3.19900E-04     2.073976        5.660E-01
     3.39600E-04     2.086956        5.805E-01
     3.59700E-04     2.099543        5.967E-01
     3.80200E-04     2.112811        6.135E-01
     3.99900E-04     2.125742        6.292E-01
     4.19800E-04     2.139507        6.453E-01
     4.39500E-04     2.153213        6.589E-01
     4.60300E-04     2.166254        6.727E-01
     4.79700E-04     2.177335        6.852E-01
     5.00000E-04     2.188736        6.995E-01
     5.20000E-04     2.200349        7.125E-01
     5.39500E-04     2.210869        7.241E-01
     5.59800E-04     2.220374        7.359E-01
     5.79400E-04     2.228339        7.478E-01
     5.99800E-04     2.236685        7.617E-01
     6.50100E-04     2.254575        7.921E-01
     6.99800E-04     2.270109        8.314E-01
     7.49900E-04     2.290196        8.725E-01
     7.99800E-04     2.312599        9.116E-01
     8.49200E-04     2.337241        9.501E-01
     8.99500E-04     2.363856        9.835E-01
     9.50600E-04     2.385313        1.011E+00
     1.00000E-03     2.399111        1.042E+00
     1.10000E-03     2.436760        1.120E+00
     1.20000E-03     2.481153        1.191E+00
     1.30000E-03     2.527536        1.261E+00
     1.40000E-03     2.577344        1.330E+00
     1.50000E-03     2.629097        1.393E+00
     1.60000E-03     2.679108        1.452E+00
     1.70000E-03     2.729264        1.511E+00
     1.80000E-03     2.781861        1.567E+00
     1.90000E-03     2.831974        1.617E+00
     2.00000E-03     2.881863        1.670E+00
     2.10000E-03     2.933900        1.718E+00
     2.20000E-03     2.983258        1.763E+00
     2.30000E-03     3.032401        1.809E+00
     2.40000E-03     3.084049        1.853E+00
     2.50000E-03     3.133464        1.891E+00
     2.60000E-03     3.179887        1.931E+00
     2.70000E-03     3.228984        1.973E+00
     2.80000E-03     3.279470        2.009E+00
     2.90000E-03     3.326631        2.043E+00
     3.00000E-03     3.374610        2.079E+00
     3.10000E-03     3.422465        2.110E+00
     3.20000E-03     3.468221        2.142E+00
     3.30000E-03     3.516889        2.174E+00
     3.40000E-03     3.563346        2.199E+00
     3.50000E-03     3.607096        2.228E+00
     3.60000E-03     3.650102        2.255E+00
     3.70000E-03     3.695213        2.286E+00
     3.80000E-03     3.741930        2.310E+00
     3.90000E-03     3.785136        2.333E+00
     4.00000E-03     3.829496        2.360E+00
     4.10000E-03     3.873564        2.380E+00
     4.20000E-03     3.917021        2.404E+00
     4.30000E-03     3.960586        2.423E+00
     4.40000E-03     4.003601        2.445E+00
     4.50000E-03     4.045111        2.460E+00
     4.60000E-03     4.084851        2.481E+00
     4.70000E-03     4.125763        2.500E+00
     4.80000E-03     4.166540        2.518E+00
     4.90000E-03     4.207585        2.535E+00
     5.00000E-03     4.248425        2.551E+00
     5.10000E-03     4.288766        2.567E+00
     5.20000E-03     4.328263        2.581E+00
     5.30000E-03     4.367201        2.595E+00
     5.40000E-03     4.403706        2.607E+00
     5.50000E-03     4.442443        2.625E+00
     5.60000E-03     4.482558        2.636E+00
     5.70000E-03     4.518750        2.647E+00
     5.80000E-03     4.555811        2.662E+00
     5.90100E-03     4.593558        2.671E+00
     6.00100E-03     4.631138        2.685E+00
     6.10000E-03     4.667698        2.692E+00
     6.20000E-03     4.704528        2.705E+00
     6.29900E-03     4.740422        2.711E+00
     6.40000E-03     4.776470        2.723E+00
     6.50000E-03     4.811400        2.727E+00
     6.59900E-03     4.844068        2.737E+00
     6.70000E-03     4.881015        2.747E+00
     6.80000E-03     4.915201        2.750E+00
     6.89900E-03     4.946351        2.758E+00
     7.00000E-03     4.979800        2.766E+00
     7.10100E-03     5.013994        2.774E+00
     7.19900E-03     5.047771        2.780E+00
     7.30000E-03     5.083439        2.787E+00
     7.39900E-03     5.116001        2.786E+00
     7.50100E-03     5.146161        2.792E+00
     7.60000E-03     5.177179        2.796E+00
     7.70000E-03     5.209531        2.801E+00
     7.80000E-03     5.241539        2.805E+00
     7.90000E-03     5.273172        2.808E+00
     8.00000E-03     5.304929        2.811E+00
     8.10000E-03     5.336323        2.814E+00
     8.20000E-03     5.367389        2.816E+00
     8.30000E-03     5.398286        2.824E+00
     8.40000E-03     5.428878        2.825E+00
     8.50000E-03     5.459208        2.826E+00
     8.60000E-03     5.489262        2.827E+00
     8.70000E-03     5.519027        2.827E+00
     8.80000E-03     5.548489        2.833E+00
     8.90000E-03     5.577699        2.833E+00
     9.00000E-03     5.606586        2.832E+00
     9.10000E-03     5.635201        2.830E+00
     9.20000E-03     5.663535        2.835E+00
     9.30000E-03     5.691521        2.833E+00
     9.40000E-03     5.719272        2.831E+00
     9.50000E-03     5.746661        2.835E+00
     9.60000E-03     5.773802        2.832E+00
     9.70000E-03     5.800631        2.835E+00
     9.80000E-03     5.827179        2.831E+00
     9.90000E-03     5.853423        2.828E+00
     1.00000E-02     5.879378        2.830E+00
     1.10000E-02     6.131865        2.807E+00
     1.20000E-02     6.346035        2.773E+00
     1.30000E-02     6.538143        2.733E+00
     1.40000E-02     6.711149        2.685E+00
     1.50000E-02     6.867192        2.630E+00
     1.60000E-02     7.007965        2.576E+00
     1.70000E-02     7.135674        2.519E+00
     1.80000E-02     7.252419        2.461E+00
     1.90000E-02     7.358822        2.397E+00
     2.00000E-02     7.455943        2.338E+00
     2.10000E-02     7.544423        2.280E+00
     2.20000E-02     7.625553        2.224E+00
     2.30000E-02     7.701126        2.170E+00
     2.40000E-02     7.768902        2.113E+00
     2.50000E-02     7.831158        2.064E+00
     2.60000E-02     7.889643        2.011E+00
     2.70000E-02     7.941322        1.961E+00
     2.80000E-02     7.989355        1.914E+00
     2.90000E-02     8.033791        1.868E+00
     3.00000E-02     8.074469        1.824E+00
     3.10000E-02     8.112180        1.781E+00
     3.20000E-02     8.147128        1.741E+00
     3.30000E-02     8.179843        1.701E+00
     3.40000E-02     8.209818        1.663E+00
     3.50000E-02     8.238281        1.627E+00
     3.60000E-02     8.264599        1.591E+00
     3.70000E-02     8.288448        1.557E+00
     3.80000E-02     8.311297        1.525E+00
     3.90000E-02     8.332788        1.493E+00
     4.00000E-02     8.352700        1.463E+00
     4.10000E-02     8.371979        1.434E+00
     4.20000E-02     8.389151        1.405E+00
     4.30000E-02     8.405156        1.378E+00
     4.40000E-02     8.420858        1.352E+00
     4.50000E-02     8.435660        1.327E+00
     4.60000E-02     8.449912        1.302E+00
     4.70000E-02     8.462521        1.278E+00
     4.80000E-02     8.474673        1.256E+00
     4.90000E-02     8.486470        1.233E+00
     5.00000E-02     8.497290        1.212E+00
     5.10000E-02     8.507814        1.191E+00
     5.20000E-02     8.517490        1.171E+00
     5.30000E-02     8.526995        1.152E+00
     5.40000E-02     8.535947        1.133E+00
     5.50000E-02     8.545560        1.115E+00
     5.60000E-02     8.554652        1.097E+00
     5.70000E-02     8.563363        1.080E+00
     5.80000E-02     8.571605        1.063E+00
     5.90100E-02     8.579613        1.047E+00
     6.00100E-02     8.587191        1.031E+00
     6.10000E-02     8.594362        1.016E+00
     6.20000E-02     8.601342        1.001E+00
     6.29900E-02     8.607948        9.867E-01
     6.40000E-02     8.614382        9.727E-01
     6.50000E-02     8.620473        9.589E-01
     6.59900E-02     8.626323        9.456E-01
     6.70000E-02     8.632030        9.328E-01
     6.80000E-02     8.637431        9.202E-01
     6.89900E-02     8.642623        9.078E-01
     7.00000E-02     8.647693        8.960E-01
     7.10100E-02     8.652568        8.845E-01
     7.19900E-02     8.657181        8.728E-01
     7.30000E-02     8.661691        8.618E-01
     7.39900E-02     8.666029        8.509E-01
     7.50100E-02     8.670273        8.406E-01
     7.60000E-02     8.674287        8.302E-01
     7.70000E-02     8.678217        8.201E-01
     7.80000E-02     8.681999        8.104E-01
     7.90000E-02     8.685638        8.007E-01
     8.00000E-02     8.689204        7.914E-01
     8.10000E-02     8.692637        7.822E-01
     8.20000E-02     8.695941        7.733E-01
     8.30000E-02     8.699181        7.645E-01
     8.40000E-02     8.702404        7.560E-01
     8.50000E-02     8.705507        7.476E-01
     8.60000E-02     8.708553        7.394E-01
     8.70000E-02     8.711486        7.314E-01
     8.80000E-02     8.714366        7.236E-01
     8.90000E-02     8.717139        7.159E-01
     8.99900E-02     8.719808        7.083E-01
     9.09900E-02     8.722432        7.009E-01
     9.20000E-02     8.725011        6.938E-01
     9.30000E-02     8.727494        6.867E-01
     9.39900E-02     8.729884        6.798E-01
     9.49900E-02     8.732236        6.730E-01
     9.60100E-02     8.734549        6.663E-01
     9.70100E-02     8.736776        6.598E-01
     9.79900E-02     8.738919        6.534E-01
     9.89900E-02     8.741029        6.471E-01
     1.00000E-01     8.743107        6.409E-01
     1.09900E-01     8.761392        5.845E-01
     1.19900E-01     8.776133        5.380E-01
     1.30000E-01     8.788091        4.983E-01
     1.40000E-01     8.797836        4.636E-01
     1.50000E-01     8.804337        4.337E-01
     1.60000E-01     8.809677        4.073E-01
     1.69800E-01     8.814082        3.837E-01
     1.79900E-01     8.817867        3.630E-01
     1.90100E-01     8.821129        3.448E-01
     2.00000E-01     8.823834        3.277E-01
     2.09900E-01     8.826184        3.123E-01
     2.19800E-01     8.828230        2.983E-01
     2.30100E-01     8.830103        2.860E-01
     2.39900E-01     8.831656        2.741E-01
     2.50000E-01     8.833091        2.634E-01
     2.60000E-01     8.834348        2.535E-01
     2.69800E-01     8.835449        2.441E-01
     2.79900E-01     8.836475        2.356E-01
     2.89700E-01     8.837375        2.274E-01
     2.99900E-01     8.838141        2.202E-01
     3.09700E-01     8.838809        2.132E-01
     3.19900E-01     8.839434        2.064E-01
     3.30400E-01     8.840020        2.008E-01
     3.39600E-01     8.840491        1.944E-01
     3.49900E-01     8.840974        1.891E-01
     3.59700E-01     8.841394        1.840E-01
     3.69800E-01     8.841790        1.790E-01
     3.80200E-01     8.842166        1.745E-01
     3.89900E-01     8.842491        1.701E-01
     3.99900E-01     8.842801        1.659E-01
     4.10200E-01     8.843095        1.621E-01
     4.19800E-01     8.843349        1.580E-01
     4.29500E-01     8.843591        1.545E-01
     4.39500E-01     8.843823        1.509E-01
     4.49800E-01     8.844044        1.478E-01
     4.60300E-01     8.844254        1.448E-01
     4.69900E-01     8.844436        1.415E-01
     4.79700E-01     8.844609        1.386E-01
     4.89800E-01     8.844776        1.358E-01
     5.00000E-01     8.844936        1.333E-01
     5.10500E-01     8.845089        1.309E-01
     5.20000E-01     8.845220        1.282E-01
     5.29700E-01     8.845345        1.258E-01
     5.39500E-01     8.845467        1.233E-01
     5.49500E-01     8.845583        1.213E-01
     5.59800E-01     8.845696        1.191E-01
     5.70200E-01     8.845804        1.172E-01
     5.79400E-01     8.845896        1.150E-01
     5.90200E-01     8.845997        1.132E-01
     5.99800E-01     8.846082        1.114E-01
     6.09500E-01     8.846164        1.093E-01
     6.19400E-01     8.846244        1.076E-01
     6.29500E-01     8.846321        1.061E-01
     6.39700E-01     8.846396        1.044E-01
     6.50100E-01     8.846468        1.030E-01
     6.60700E-01     8.846538        1.013E-01
     6.69900E-01     8.846596        9.995E-02
     6.80800E-01     8.846662        9.858E-02
     6.90200E-01     8.846716        9.700E-02
     6.99800E-01     8.846769        9.567E-02
     7.09600E-01     8.846821        9.436E-02
     7.19400E-01     8.846871        9.285E-02
     7.29500E-01     8.846920        9.179E-02
     7.39600E-01     8.846967        9.053E-02
     7.49900E-01     8.847013        8.929E-02
     7.60300E-01     8.847058        8.827E-02
     7.69100E-01     8.847094        8.705E-02
     7.79800E-01     8.847137        8.586E-02
     7.90700E-01     8.847178        8.488E-02
     7.99800E-01     8.847212        8.391E-02
     8.09100E-01     8.847244        8.275E-02
     8.20400E-01     8.847283        8.181E-02
     8.29900E-01     8.847314        8.087E-02
     8.39500E-01     8.847344        7.976E-02
     8.49200E-01     8.847374        7.885E-02
     8.59000E-01     8.847403        7.795E-02
     8.71000E-01     8.847437        7.723E-02
     8.79000E-01     8.847459        7.617E-02
     8.89200E-01     8.847485        7.547E-02
     8.99500E-01     8.847512        7.461E-02
     9.09900E-01     8.847537        7.375E-02
     9.20400E-01     8.847563        7.308E-02
     9.29000E-01     8.847582        7.224E-02
     9.39700E-01     8.847606        7.142E-02
     9.50600E-01     8.847630        7.076E-02
     9.59400E-01     8.847648        6.995E-02
     9.70500E-01     8.847671        6.931E-02
     9.79500E-01     8.847688        6.852E-02
     9.90800E-01     8.847710        6.804E-02
     1.00000E+00     8.847727        6.727E-02
     1.09900E+00     8.847889        6.121E-02
     1.19900E+00     8.848013        5.621E-02
     1.30000E+00     8.848109        5.197E-02
     1.40000E+00     8.848183        4.828E-02
     1.50000E+00     8.848243        4.506E-02
     1.60000E+00     8.848291        4.234E-02
     1.69800E+00     8.848330        3.979E-02
     1.79900E+00     8.848364        3.765E-02
     1.90100E+00     8.848392        3.571E-02
     2.00000E+00     8.848415        3.395E-02
     2.09900E+00     8.848435        3.234E-02
     2.19800E+00     8.848452        3.089E-02
     2.30100E+00     8.848467        2.957E-02
     2.39900E+00     8.848480        2.837E-02
     2.50000E+00     8.848491        2.721E-02
     2.60000E+00     8.848501        2.623E-02
     2.69800E+00     8.848510        2.522E-02
     2.79900E+00     8.848518        2.437E-02
     2.89700E+00     8.848524        2.348E-02
     2.99900E+00     8.848531        2.274E-02
     3.09700E+00     8.848536        2.202E-02
     3.19900E+00     8.848541        2.132E-02
     3.30400E+00     8.848546        2.074E-02
     3.39600E+00     8.848550        2.008E-02
     3.49900E+00     8.848554        1.953E-02
     3.59700E+00     8.848557        1.900E-02
     3.69800E+00     8.848560        1.848E-02
     3.80200E+00     8.848563        1.802E-02
     3.89900E+00     8.848566        1.757E-02
     3.99900E+00     8.848568        1.713E-02
     4.10200E+00     8.848570        1.670E-02
     4.19800E+00     8.848572        1.632E-02
     4.29500E+00     8.848574        1.591E-02
     4.39500E+00     8.848576        1.559E-02
     4.49800E+00     8.848577        1.523E-02
     4.60300E+00     8.848579        1.492E-02
     4.69900E+00     8.848580        1.458E-02
     4.79700E+00     8.848581        1.428E-02
     4.89800E+00     8.848582        1.399E-02
     5.00000E+00     8.848584        1.373E-02
     5.10500E+00     8.848585        1.348E-02
     5.20000E+00     8.848585        1.321E-02
     5.29700E+00     8.848586        1.297E-02
     5.39500E+00     8.848587        1.273E-02
     5.49500E+00     8.848588        1.250E-02
     5.59800E+00     8.848589        1.227E-02
     5.70200E+00     8.848589        1.207E-02
     5.79400E+00     8.848590        1.185E-02
     5.90200E+00     8.848591        1.166E-02
     5.99800E+00     8.848591        1.148E-02
     6.09500E+00     8.848592        1.129E-02
     6.19400E+00     8.848592        1.111E-02
     6.29500E+00     8.848593        1.091E-02
     6.39700E+00     8.848593        1.076E-02
     6.50100E+00     8.848594        1.061E-02
     6.60700E+00     8.848594        1.044E-02
     6.69900E+00     8.848594        1.030E-02
     6.80800E+00     8.848595        1.016E-02
     6.90200E+00     8.848595        9.995E-03
     6.99800E+00     8.848595        9.858E-03
     7.09600E+00     8.848596        9.700E-03
     7.19400E+00     8.848596        9.567E-03
     7.29500E+00     8.848596        9.458E-03
     7.39600E+00     8.848596        9.328E-03
     7.49900E+00     8.848597        9.200E-03
     7.60300E+00     8.848597        9.095E-03
     7.69100E+00     8.848597        8.949E-03
     7.79800E+00     8.848597        8.847E-03
     7.90700E+00     8.848598        8.746E-03
     7.99800E+00     8.848598        8.626E-03
     8.09100E+00     8.848598        8.527E-03
     8.20400E+00     8.848598        8.429E-03
     8.29900E+00     8.848598        8.333E-03
     8.39500E+00     8.848598        8.218E-03
     8.49200E+00     8.848598        8.124E-03
     8.59000E+00     8.848599        8.031E-03
     8.71000E+00     8.848599        7.958E-03
     8.79000E+00     8.848599        7.849E-03
     8.89200E+00     8.848599        7.759E-03
     8.99500E+00     8.848599        7.688E-03
     9.09900E+00     8.848599        7.600E-03
     9.20400E+00     8.848599        7.530E-03
     9.29000E+00     8.848599        7.444E-03
     9.39700E+00     8.848600        7.359E-03
     9.50600E+00     8.848600        7.291E-03
     9.59400E+00     8.848600        7.208E-03
     9.70500E+00     8.848600        7.142E-03
     9.79500E+00     8.848600        7.060E-03
     9.90800E+00     8.848600        7.011E-03
     1.00000E+01     8.848600        6.931E-03
*END
