Refractive Index of Water at 298-300K:
1.00E-08 - 1.90E-07 Segelstein 1981
2.00E-07 - 1.80E-06 Hale & Querry 1973
2.00E-06 - 5.00E-04 Downing and Williams 1975
7.50E-04 - 1.00E+01 Segelstein 1981
     Wavelength (m)  Real Part       Imaginary Part
*BEGIN_DATA
     1.00000E-08     0.968416        1.745E-03
     1.09900E-08     0.964778        2.370E-03
     1.19900E-08     0.960953        3.146E-03
     1.30000E-08     0.956954        4.072E-03
     1.40000E-08     0.952792        5.174E-03
     1.60000E-08     0.944124        7.958E-03
     1.79900E-08     0.934744        1.164E-02
     2.00000E-08     0.924583        1.636E-02
     2.19800E-08     0.913973        2.227E-02
     2.39900E-08     0.902694        2.950E-02
     2.60000E-08     0.890837        3.818E-02
     2.79900E-08     0.878766        4.851E-02
     2.99900E-08     0.866493        6.064E-02
     3.19900E-08     0.854141        7.461E-02
     3.39600E-08     0.842171        9.074E-02
     3.59700E-08     0.830720        1.093E-01
     3.80200E-08     0.819753        1.303E-01
     3.99900E-08     0.809997        1.534E-01
     4.19800E-08     0.802291        1.798E-01
     4.39500E-08     0.797737        2.088E-01
     4.60300E-08     0.797007        2.414E-01
     4.79700E-08     0.805579        2.766E-01
     5.00000E-08     0.820742        2.998E-01
     5.20000E-08     0.830957        3.153E-01
     5.39500E-08     0.835240        3.310E-01
     5.59800E-08     0.835295        3.498E-01
     5.79400E-08     0.831628        3.739E-01
     5.99800E-08     0.830901        4.119E-01
     6.19400E-08     0.840575        4.558E-01
     6.39700E-08     0.866994        5.033E-01
     6.60700E-08     0.903527        5.355E-01
     6.80800E-08     0.941801        5.634E-01
     6.99800E-08     0.981692        5.791E-01
     7.19400E-08     1.020921        5.859E-01
     7.39600E-08     1.049744        5.805E-01
     7.60300E-08     1.068724        5.859E-01
     7.79800E-08     1.087685        5.981E-01
     7.99800E-08     1.111682        6.135E-01
     8.20400E-08     1.140628        6.292E-01
     8.39500E-08     1.173382        6.453E-01
     8.59000E-08     1.214969        6.573E-01
     8.79000E-08     1.259495        6.573E-01
     8.99500E-08     1.302663        6.528E-01
     9.20400E-08     1.346760        6.439E-01
     9.39700E-08     1.387639        6.292E-01
     9.59400E-08     1.425425        6.050E-01
     9.79500E-08     1.455868        5.752E-01
     1.00000E-07     1.476628        5.430E-01
     1.02100E-07     1.493473        5.185E-01
     1.04000E-07     1.506677        4.929E-01
     1.05900E-07     1.516305        4.707E-01
     1.07900E-07     1.523589        4.485E-01
     1.09900E-07     1.528933        4.303E-01
     1.11900E-07     1.535363        4.148E-01
     1.14000E-07     1.543211        3.988E-01
     1.15900E-07     1.548070        3.826E-01
     1.18000E-07     1.553435        3.705E-01
     1.19900E-07     1.560870        3.596E-01
     1.21900E-07     1.570304        3.490E-01
     1.23900E-07     1.584638        3.387E-01
     1.25900E-07     1.606068        3.220E-01
     1.27900E-07     1.626822        2.876E-01
     1.30000E-07     1.633849        2.392E-01
     1.32100E-07     1.619420        1.870E-01
     1.34000E-07     1.586268        1.489E-01
     1.36100E-07     1.536403        1.333E-01
     1.38000E-07     1.496271        1.422E-01
     1.40000E-07     1.471129        1.678E-01
     1.41900E-07     1.461485        1.927E-01
     1.43900E-07     1.460977        2.167E-01
     1.45900E-07     1.469275        2.409E-01
     1.47900E-07     1.489551        2.641E-01
     1.50000E-07     1.521276        2.772E-01
     1.52100E-07     1.559942        2.772E-01
     1.54200E-07     1.596861        2.581E-01
     1.56000E-07     1.620422        2.338E-01
     1.58100E-07     1.641473        2.022E-01
     1.60000E-07     1.650184        1.670E-01
     1.62200E-07     1.652917        1.351E-01
     1.64100E-07     1.653100        1.039E-01
     1.66000E-07     1.647245        7.241E-02
     1.67900E-07     1.635062        3.998E-02
     1.69800E-07     1.605555        3.998E-03
     1.72200E-07     1.568183        2.004E-03
     1.74200E-07     1.549412        1.182E-03
     1.75000E-07     1.543062        8.391E-04
     1.79900E-07     1.513343        5.995E-05
     1.84900E-07     1.491881        1.250E-06
     1.90100E-07     1.475183        3.622E-07
     2.00000e-07     1.39600e+00     1.10000e-07
     2.25000e-07     1.37300e+00     4.90000e-08
     2.50000e-07     1.36200e+00     3.35000e-08
     2.75000e-07     1.35400e+00     2.35000e-08
     3.00000e-07     1.34900e+00     1.60000e-08
     3.25000e-07     1.34600e+00     1.08000e-08
     3.50000e-07     1.34300e+00     6.60000e-09
     3.75000e-07     1.34100e+00     3.50000e-09
     4.00000e-07     1.33900e+00     1.86000e-09
     4.25000e-07     1.33800e+00     1.30000e-09
     4.50000e-07     1.33700e+00     1.02000e-09
     4.75000e-07     1.33600e+00     9.35000e-10
     5.00000e-07     1.33500e+00     1.00000e-09
     5.25000e-07     1.33400e+00     1.32000e-09
     5.50000e-07     1.33300e+00     1.96000e-09
     5.75000e-07     1.33300e+00     3.60000e-09
     6.00000e-07     1.33200e+00     1.09000e-08
     6.25000e-07     1.33200e+00     1.39000e-08
     6.50000e-07     1.33100e+00     1.64000e-08
     6.75000e-07     1.33100e+00     2.23000e-08
     7.00000e-07     1.33100e+00     3.35000e-08
     7.25000e-07     1.33000e+00     9.15000e-08
     7.50000e-07     1.33000e+00     1.56000e-07
     7.75000e-07     1.33000e+00     1.48000e-07
     8.00000e-07     1.32900e+00     1.25000e-07
     8.25000e-07     1.32900e+00     1.82000e-07
     8.50000e-07     1.32900e+00     2.93000e-07
     8.75000e-07     1.32800e+00     3.91000e-07
     9.00000e-07     1.32800e+00     4.86000e-07
     9.25000e-07     1.32800e+00     1.06000e-06
     9.50000e-07     1.32700e+00     2.93000e-06
     9.75000e-07     1.32700e+00     3.48000e-06
     1.00000e-06     1.32700e+00     2.89000e-06
     1.05000e-06     1.32700e+00     1.11000e-06
     1.10000e-06     1.32600e+00     1.71000e-06
     1.15000e-06     1.32500e+00     7.19000e-06
     1.20000e-06     1.32400e+00     9.89000e-06
     1.25000e-06     1.32300e+00     8.68000e-06
     1.30000e-06     1.32200e+00     1.12000e-05
     1.35000e-06     1.32200e+00     2.28000e-05
     1.40000e-06     1.32100e+00     1.38000e-04
     1.45000e-06     1.32000e+00     3.31000e-04
     1.50000e-06     1.31900e+00     2.05000e-04
     1.55000e-06     1.31800e+00     1.16000e-04
     1.60000e-06     1.31700e+00     8.55000e-05
     1.65000e-06     1.31600e+00     6.28000e-05
     1.70000e-06     1.31400e+00     6.62000e-05
     1.75000e-06     1.31300e+00     9.13000e-05    
     1.80000e-06     1.31200e+00     1.15000e-04
     1.85000e-06     1.31100e+00     2.18000e-04
     1.90000e-06     1.31000e+00     1.00000e-03
     1.95000e-06     1.30800e+00     1.71000e-03
     2.00000e-06     1.30300e+00     1.10000e-03
     2.02020e-06     1.30100e+00     9.00000e-04
     2.04082e-06     1.30100e+00     7.31000e-04
     2.06186e-06     1.30000e+00     6.17000e-04
     2.08333e-06     1.29800e+00     5.14000e-04
     2.10526e-06     1.29800e+00     4.52000e-04
     2.12766e-06     1.29600e+00     4.00000e-04
     2.15054e-06     1.29500e+00     3.59000e-04
     2.17391e-06     1.29400e+00     3.41000e-04
     2.19780e-06     1.29300e+00     3.38000e-04
     2.22222e-06     1.29100e+00     3.45000e-04
     2.24719e-06     1.28900e+00     3.76000e-04
     2.27273e-06     1.28700e+00     4.16000e-04
     2.29885e-06     1.28500e+00     4.65000e-04
     2.32558e-06     1.28200e+00     5.42000e-04
     2.35294e-06     1.28000e+00     6.52000e-04
     2.38095e-06     1.27700e+00     7.92000e-04
     2.40964e-06     1.27400e+00     9.68000e-04
     2.43902e-06     1.27000e+00     1.23000e-03
     2.46914e-06     1.26500e+00     1.56000e-03
     2.50000e-06     1.26100e+00     1.90000e-03
     2.50627e-06     1.26000e+00     1.95000e-03
     2.51256e-06     1.25900e+00     2.00000e-03
     2.51889e-06     1.25700e+00     2.05000e-03
     2.52525e-06     1.25600e+00     2.07000e-03
     2.53165e-06     1.25500e+00     2.10000e-03
     2.53807e-06     1.25400e+00     2.12000e-03
     2.54453e-06     1.25200e+00     2.15000e-03
     2.55102e-06     1.25000e+00     2.19000e-03
     2.55754e-06     1.24900e+00     2.24000e-03
     2.56410e-06     1.24700e+00     2.27000e-03
     2.57069e-06     1.24600e+00     2.31000e-03
     2.57732e-06     1.24300e+00     2.34000e-03
     2.58398e-06     1.24100e+00     2.39000e-03
     2.59067e-06     1.24000e+00     2.43000e-03
     2.59740e-06     1.23800e+00     2.48000e-03
     2.60417e-06     1.23500e+00     2.57000e-03
     2.61097e-06     1.23200e+00     2.70000e-03
     2.61780e-06     1.23000e+00     2.98000e-03
     2.62467e-06     1.22700e+00     3.30000e-03
     2.63158e-06     1.22400e+00     4.02000e-03
     2.63852e-06     1.22100e+00     4.02000e-03
     2.64550e-06     1.21800e+00     4.82000e-03
     2.65252e-06     1.21400e+00     5.36000e-03
     2.65957e-06     1.21000e+00     6.27000e-03
     2.66667e-06     1.20500e+00     7.32000e-03
     2.67380e-06     1.20000e+00     8.55000e-03
     2.68097e-06     1.19500e+00     1.05000e-02
     2.68817e-06     1.19100e+00     1.27000e-02
     2.69542e-06     1.18500e+00     1.45000e-02
     2.70270e-06     1.17900e+00     1.64000e-02
     2.71003e-06     1.17200e+00     1.86000e-02
     2.71739e-06     1.16600e+00     2.05000e-02
     2.72480e-06     1.15700e+00     2.82000e-02
     2.73224e-06     1.14900e+00     3.80000e-02
     2.73973e-06     1.14400e+00     4.62000e-02
     2.74725e-06     1.13900e+00     5.48000e-02
     2.75482e-06     1.13800e+00     6.49000e-02
     2.76243e-06     1.13800e+00     7.44000e-02
     2.77008e-06     1.13900e+00     8.36000e-02
     2.77778e-06     1.14100e+00     9.27000e-02
     2.78552e-06     1.14400e+00     1.02000e-01
     2.79330e-06     1.14900e+00     1.12000e-01
     2.80112e-06     1.15400e+00     1.21000e-01
     2.80899e-06     1.15800e+00     1.31000e-01
     2.81690e-06     1.16100e+00     1.42000e-01
     2.82486e-06     1.16500e+00     1.54000e-01
     2.83286e-06     1.17100e+00     1.67000e-01
     2.84091e-06     1.17700e+00     1.80000e-01
     2.84900e-06     1.18300e+00     1.94000e-01
     2.85714e-06     1.19100e+00     2.06000e-01
     2.86533e-06     1.19900e+00     2.18000e-01
     2.87356e-06     1.21200e+00     2.29000e-01
     2.88184e-06     1.22000e+00     2.39000e-01
     2.89017e-06     1.23300e+00     2.49000e-01
     2.89855e-06     1.24600e+00     2.58000e-01
     2.90698e-06     1.25800e+00     2.65000e-01
     2.91545e-06     1.27100e+00     2.71000e-01
     2.92398e-06     1.28200e+00     2.76000e-01
     2.93255e-06     1.29300e+00     2.80000e-01
     2.94118e-06     1.30500e+00     2.81000e-01
     2.94985e-06     1.31700e+00     2.82000e-01
     2.95858e-06     1.32900e+00     2.82000e-01
     2.96736e-06     1.34200e+00     2.79000e-01
     2.97619e-06     1.35300e+00     2.76000e-01
     2.98507e-06     1.36400e+00     2.72000e-01
     2.99401e-06     1.37600e+00     2.67000e-01
     3.00300e-06     1.38600e+00     2.62000e-01
     3.01205e-06     1.39800e+00     2.55000e-01
     3.02115e-06     1.40700e+00     2.50000e-01
     3.03030e-06     1.41700e+00     2.43000e-01
     3.03951e-06     1.42600e+00     2.36000e-01
     3.04878e-06     1.43400e+00     2.28000e-01
     3.05810e-06     1.44200e+00     2.20000e-01
     3.06748e-06     1.45000e+00     2.12000e-01
     3.07692e-06     1.45700e+00     2.04000e-01
     3.08642e-06     1.46500e+00     1.95000e-01
     3.09598e-06     1.47100e+00     1.83000e-01
     3.10559e-06     1.47600e+00     1.73000e-01
     3.11526e-06     1.48000e+00     1.63000e-01
     3.12500e-06     1.48300e+00     1.53000e-01
     3.13480e-06     1.48600e+00     1.44000e-01
     3.14465e-06     1.48700e+00     1.34000e-01
     3.15457e-06     1.48700e+00     1.25000e-01
     3.16456e-06     1.48700e+00     1.17000e-01
     3.17460e-06     1.48600e+00     1.10000e-01
     3.18471e-06     1.48500e+00     9.94000e-02
     3.19489e-06     1.48200e+00     9.20000e-02
     3.20513e-06     1.47900e+00     8.55000e-02
     3.21543e-06     1.47700e+00     7.85000e-02
     3.22581e-06     1.47400e+00     7.16000e-02
     3.23625e-06     1.47200e+00     6.53000e-02
     3.24675e-06     1.46700e+00     6.00000e-02
     3.25733e-06     1.46400e+00     5.50000e-02
     3.26797e-06     1.46100e+00     5.04000e-02
     3.27869e-06     1.45700e+00     4.62000e-02
     3.28947e-06     1.45400e+00     4.22000e-02
     3.30033e-06     1.45100e+00     3.85000e-02
     3.31126e-06     1.44800e+00     3.48000e-02
     3.32226e-06     1.44400e+00     3.15000e-02
     3.33333e-06     1.44100e+00     2.97000e-02
     3.34448e-06     1.43700e+00     2.79000e-02
     3.35570e-06     1.43400e+00     2.62000e-02
     3.36700e-06     1.43100e+00     2.50000e-02
     3.37838e-06     1.42700e+00     2.29000e-02
     3.38983e-06     1.42500e+00     2.10000e-02
     3.40136e-06     1.42100e+00     1.93000e-02
     3.41297e-06     1.41800e+00     1.77000e-02
     3.42466e-06     1.41500e+00     1.63000e-02
     3.43643e-06     1.41300e+00     1.51000e-02
     3.44828e-06     1.41000e+00     1.38000e-02
     3.46021e-06     1.40700e+00     1.28000e-02
     3.47222e-06     1.40500e+00     1.18000e-02
     3.48432e-06     1.40300e+00     1.10000e-02
     3.49650e-06     1.40000e+00     1.01000e-02
     3.50877e-06     1.39800e+00     9.41000e-03
     3.52113e-06     1.39600e+00     8.66000e-03
     3.53357e-06     1.39400e+00     8.07000e-03
     3.54610e-06     1.39200e+00     7.37000e-03
     3.55872e-06     1.39000e+00     6.83000e-03
     3.57143e-06     1.38800e+00     6.25000e-03
     3.58423e-06     1.38700e+00     5.79000e-03
     3.59712e-06     1.38500e+00     5.38000e-03
     3.61011e-06     1.38300e+00     5.06000e-03
     3.62319e-06     1.38200e+00     4.73000e-03
     3.63636e-06     1.37900e+00     4.49000e-03
     3.64964e-06     1.37800e+00     4.24000e-03
     3.66300e-06     1.37700e+00     4.05000e-03
     3.67647e-06     1.37500e+00     3.89000e-03
     3.69004e-06     1.37400e+00     3.76000e-03
     3.70370e-06     1.37200e+00     3.63000e-03
     3.71747e-06     1.37100e+00     3.55000e-03
     3.73134e-06     1.37000e+00     3.47000e-03
     3.74532e-06     1.36900e+00     3.40000e-03
     3.75940e-06     1.36700e+00     3.35000e-03
     3.77358e-06     1.36600e+00     3.36000e-03
     3.78788e-06     1.36500e+00     3.35000e-03
     3.80228e-06     1.36300e+00     3.39000e-03
     3.81679e-06     1.36100e+00     3.40000e-03
     3.83142e-06     1.36100e+00     3.48000e-03
     3.84615e-06     1.36000e+00     3.52000e-03
     3.86100e-06     1.35800e+00     3.63000e-03
     3.87597e-06     1.35800e+00     3.70000e-03
     3.89105e-06     1.35700e+00     3.78000e-03
     3.90625e-06     1.35500e+00     3.89000e-03
     3.92157e-06     1.35400e+00     3.99000e-03
     3.93701e-06     1.35300e+00     4.10000e-03
     3.95257e-06     1.35200e+00     4.22000e-03
     3.96825e-06     1.35100e+00     4.33000e-03
     3.98406e-06     1.35000e+00     4.50000e-03
     4.00000e-06     1.34900e+00     4.65000e-03
     4.01606e-06     1.34800e+00     4.79000e-03
     4.03226e-06     1.34800e+00     4.94000e-03
     4.04858e-06     1.34700e+00     5.12000e-03
     4.06504e-06     1.34600e+00     5.31000e-03
     4.08163e-06     1.34500e+00     5.49000e-03
     4.09836e-06     1.34400e+00     5.68000e-03
     4.11523e-06     1.34400e+00     5.86000e-03
     4.13223e-06     1.34300e+00     6.08000e-03
     4.14938e-06     1.34200e+00     6.31000e-03
     4.16667e-06     1.34100e+00     6.53000e-03
     4.18410e-06     1.34000e+00     6.73000e-03
     4.20168e-06     1.34000e+00     6.96000e-03
     4.21941e-06     1.33800e+00     7.22000e-03
     4.23729e-06     1.33700e+00     7.49000e-03
     4.25532e-06     1.33700e+00     7.79000e-03
     4.27350e-06     1.33500e+00     8.06000e-03
     4.29185e-06     1.33400e+00     8.33000e-03
     4.31034e-06     1.33400e+00     8.64000e-03
     4.32900e-06     1.33300e+00     8.96000e-03
     4.34783e-06     1.33200e+00     9.27000e-03
     4.36681e-06     1.33200e+00     9.66000e-03
     4.38596e-06     1.33100e+00     1.00000e-02
     4.40529e-06     1.33000e+00     1.04000e-02
     4.42478e-06     1.33000e+00     1.08000e-02
     4.44444e-06     1.33000e+00     1.12000e-02
     4.46429e-06     1.32900e+00     1.17000e-02
     4.48430e-06     1.32900e+00     1.22000e-02
     4.50450e-06     1.32900e+00     1.26000e-02
     4.52489e-06     1.32800e+00     1.31000e-02
     4.54545e-06     1.32800e+00     1.36000e-02
     4.56621e-06     1.32700e+00     1.40000e-02
     4.58716e-06     1.32700e+00     1.45000e-02
     4.60829e-06     1.32700e+00     1.49000e-02
     4.62963e-06     1.32700e+00     1.52000e-02
     4.65116e-06     1.32700e+00     1.54000e-02
     4.67290e-06     1.32600e+00     1.56000e-02
     4.69484e-06     1.32600e+00     1.57000e-02
     4.71698e-06     1.32600e+00     1.57000e-02
     4.73934e-06     1.32500e+00     1.57000e-02
     4.76190e-06     1.32500e+00     1.55000e-02
     4.78469e-06     1.32500e+00     1.53000e-02
     4.80769e-06     1.32500e+00     1.51000e-02
     4.83092e-06     1.32500e+00     1.48000e-02
     4.85437e-06     1.32500e+00     1.46000e-02
     4.87805e-06     1.32400e+00     1.43000e-02
     4.90196e-06     1.32400e+00     1.40000e-02
     4.92611e-06     1.32300e+00     1.37000e-02
     4.95050e-06     1.32200e+00     1.33000e-02
     4.97512e-06     1.32200e+00     1.29000e-02
     5.00000e-06     1.32100e+00     1.26000e-02
     5.02513e-06     1.32000e+00     1.22000e-02
     5.05051e-06     1.31900e+00     1.18000e-02
     5.07614e-06     1.31800e+00     1.15000e-02
     5.10204e-06     1.31800e+00     1.10000e-02
     5.12821e-06     1.31700e+00     1.08000e-02
     5.15464e-06     1.31600e+00     1.05000e-02
     5.18135e-06     1.31400e+00     1.03000e-02
     5.20833e-06     1.31300e+00     1.01000e-02
     5.23560e-06     1.31100e+00     1.00000e-02
     5.26316e-06     1.31000e+00     9.93000e-03
     5.29101e-06     1.30800e+00     9.90000e-03
     5.31915e-06     1.30600e+00     9.95000e-03
     5.34759e-06     1.30400e+00     1.00000e-02
     5.37634e-06     1.30200e+00     1.02000e-02
     5.40541e-06     1.29900e+00     1.04000e-02
     5.43478e-06     1.29700e+00     1.07000e-02
     5.46448e-06     1.29400e+00     1.10000e-02
     5.49451e-06     1.29100e+00     1.15000e-02
     5.52486e-06     1.28800e+00     1.20000e-02
     5.55556e-06     1.28500e+00     1.28000e-02
     5.58659e-06     1.28200e+00     1.38000e-02
     5.61798e-06     1.27800e+00     1.50000e-02
     5.64972e-06     1.27500e+00     1.66000e-02
     5.68182e-06     1.27100e+00     1.85000e-02
     5.71429e-06     1.26700e+00     2.05000e-02
     5.74713e-06     1.26200e+00     2.42000e-02
     5.78035e-06     1.25600e+00     2.93000e-02
     5.81395e-06     1.25100e+00     3.32000e-02
     5.84795e-06     1.24700e+00     4.29000e-02
     5.88235e-06     1.24200e+00     5.44000e-02
     5.91716e-06     1.24100e+00     6.88000e-02
     5.95238e-06     1.24100e+00     8.40000e-02
     5.98802e-06     1.24700e+00     1.02100e-01
     6.02410e-06     1.26500e+00     1.17000e-01
     6.06061e-06     1.28900e+00     1.30000e-01
     6.09756e-06     1.31100e+00     1.32000e-01
     6.13497e-06     1.33200e+00     1.24000e-01
     6.17284e-06     1.34900e+00     1.06000e-01
     6.21118e-06     1.35400e+00     8.80000e-02
     6.25000e-06     1.35600e+00     7.40000e-02
     6.28931e-06     1.35400e+00     6.18000e-02
     6.32911e-06     1.35000e+00     5.35000e-02
     6.36943e-06     1.34500e+00     4.84000e-02
     6.41026e-06     1.34100e+00     4.47000e-02
     6.45161e-06     1.33700e+00     4.20000e-02
     6.49351e-06     1.33300e+00     3.98000e-02
     6.53595e-06     1.33000e+00     3.83000e-02
     6.57895e-06     1.32600e+00     3.73000e-02
     6.62252e-06     1.32400e+00     3.70000e-02
     6.66667e-06     1.32200e+00     3.66000e-02
     6.71141e-06     1.32000e+00     3.63000e-02
     6.75676e-06     1.31900e+00     3.60000e-02
     6.80272e-06     1.31800e+00     3.57000e-02
     6.84932e-06     1.31700e+00     3.55000e-02
     6.89655e-06     1.31600e+00     3.52000e-02
     6.94444e-06     1.31500e+00     3.50000e-02
     6.99301e-06     1.31400e+00     3.47000e-02
     7.04225e-06     1.31300e+00     3.46000e-02
     7.09220e-06     1.31100e+00     3.43000e-02
     7.14286e-06     1.31000e+00     3.42000e-02
     7.19424e-06     1.30900e+00     3.42000e-02
     7.24638e-06     1.30800e+00     3.42000e-02
     7.29927e-06     1.30700e+00     3.43000e-02
     7.35294e-06     1.30600e+00     3.42000e-02
     7.40741e-06     1.30500e+00     3.42000e-02
     7.46269e-06     1.30300e+00     3.42000e-02
     7.51880e-06     1.30200e+00     3.42000e-02
     7.57576e-06     1.30100e+00     3.42000e-02
     7.63359e-06     1.30000e+00     3.44000e-02
     7.69231e-06     1.29800e+00     3.45000e-02
     7.75194e-06     1.29600e+00     3.46000e-02
     7.81250e-06     1.29500e+00     3.49000e-02
     7.87402e-06     1.29400e+00     3.51000e-02
     7.93651e-06     1.29300e+00     3.51000e-02
     8.00000e-06     1.29100e+00     3.51000e-02
     8.06452e-06     1.28800e+00     3.52000e-02
     8.13008e-06     1.28600e+00     3.56000e-02
     8.19672e-06     1.28500e+00     3.59000e-02
     8.26446e-06     1.28300e+00     3.61000e-02
     8.33333e-06     1.28100e+00     3.62000e-02
     8.40336e-06     1.27900e+00     3.66000e-02
     8.47458e-06     1.27600e+00     3.70000e-02
     8.54701e-06     1.27400e+00     3.74000e-02
     8.62069e-06     1.27100e+00     3.78000e-02
     8.69565e-06     1.26900e+00     3.83000e-02
     8.77193e-06     1.26700e+00     3.87000e-02
     8.84956e-06     1.26400e+00     3.92000e-02
     8.92857e-06     1.26100e+00     3.98000e-02
     9.00901e-06     1.25900e+00     4.05000e-02
     9.09091e-06     1.25600e+00     4.11000e-02
     9.17431e-06     1.25300e+00     4.17000e-02
     9.25926e-06     1.24900e+00     4.24000e-02
     9.34579e-06     1.24600e+00     4.34000e-02
     9.43396e-06     1.24200e+00     4.43000e-02
     9.52381e-06     1.23800e+00     4.53000e-02
     9.61538e-06     1.23400e+00     4.67000e-02
     9.70874e-06     1.23000e+00     4.81000e-02
     9.80392e-06     1.22400e+00     4.97000e-02
     9.90099e-06     1.22000e+00     5.15000e-02
     1.00000e-05     1.21400e+00     5.34000e-02
     1.01010e-05     1.20800e+00     5.57000e-02
     1.02041e-05     1.20200e+00     5.89000e-02
     1.03093e-05     1.19400e+00     6.22000e-02
     1.04167e-05     1.18900e+00     6.61000e-02
     1.05263e-05     1.18100e+00     7.07000e-02
     1.06383e-05     1.17400e+00     7.64000e-02
     1.07527e-05     1.16800e+00     8.28000e-02
     1.08696e-05     1.16200e+00     8.98000e-02
     1.09890e-05     1.15600e+00     9.73000e-02
     1.11111e-05     1.14900e+00     1.07000e-01
     1.12360e-05     1.14300e+00     1.18000e-01
     1.13636e-05     1.13900e+00     1.30000e-01
     1.14943e-05     1.13500e+00     1.44000e-01
     1.16279e-05     1.13200e+00     1.59000e-01
     1.17647e-05     1.13200e+00     1.76000e-01
     1.19048e-05     1.13100e+00     1.92000e-01
     1.20482e-05     1.13200e+00     2.08000e-01
     1.21951e-05     1.13000e+00     2.26000e-01
     1.23457e-05     1.13000e+00     2.43000e-01
     1.25000e-05     1.13400e+00     2.60000e-01
     1.26582e-05     1.13800e+00     2.77000e-01
     1.28205e-05     1.14200e+00     2.92000e-01
     1.29870e-05     1.15700e+00     3.05000e-01
     1.31579e-05     1.17100e+00     3.17000e-01
     1.33333e-05     1.18200e+00     3.28000e-01
     1.35135e-05     1.18900e+00     3.38000e-01
     1.36986e-05     1.20100e+00     3.47000e-01
     1.38889e-05     1.21300e+00     3.56000e-01
     1.40845e-05     1.22300e+00     3.65000e-01
     1.42857e-05     1.23600e+00     3.73000e-01
     1.44928e-05     1.24900e+00     3.79000e-01
     1.47059e-05     1.26400e+00     3.86000e-01
     1.49254e-05     1.27700e+00     3.92000e-01
     1.51515e-05     1.28900e+00     3.97000e-01
     1.53846e-05     1.30300e+00     4.03000e-01
     1.56250e-05     1.31300e+00     4.08000e-01
     1.58730e-05     1.32400e+00     4.12000e-01
     1.61290e-05     1.33500e+00     4.17000e-01
     1.63934e-05     1.34800e+00     4.20000e-01
     1.66667e-05     1.36100e+00     4.23000e-01
     1.69492e-05     1.37200e+00     4.25000e-01
     1.72414e-05     1.38500e+00     4.27000e-01
     1.75439e-05     1.39600e+00     4.28000e-01
     1.78571e-05     1.40700e+00     4.27000e-01
     1.81818e-05     1.41900e+00     4.27000e-01
     1.85185e-05     1.43100e+00     4.26000e-01
     1.88679e-05     1.44100e+00     4.25000e-01
     1.92308e-05     1.45100e+00     4.23000e-01
     1.96078e-05     1.46200e+00     4.21000e-01
     2.00000e-05     1.47000e+00     4.18000e-01
     2.04082e-05     1.48000e+00     4.15000e-01
     2.08333e-05     1.48800e+00     4.11000e-01
     2.12766e-05     1.49600e+00     4.08000e-01
     2.17391e-05     1.50400e+00     4.04000e-01
     2.22222e-05     1.51000e+00     4.01000e-01
     2.27273e-05     1.51500e+00     3.97000e-01
     2.32558e-05     1.52100e+00     3.94000e-01
     2.38095e-05     1.52700e+00     3.90000e-01
     2.43902e-05     1.53200e+00     3.86000e-01
     2.50000e-05     1.53700e+00     3.82000e-01
     2.56410e-05     1.54100e+00     3.77000e-01
     2.63158e-05     1.54500e+00     3.72000e-01
     2.70270e-05     1.54900e+00     3.68000e-01
     2.77778e-05     1.55200e+00     3.63000e-01
     2.85714e-05     1.55200e+00     3.59000e-01
     2.94118e-05     1.55200e+00     3.56000e-01
     3.03030e-05     1.55000e+00     3.52000e-01
     3.12500e-05     1.54600e+00     3.53000e-01
     3.22581e-05     1.54300e+00     3.57000e-01
     3.33333e-05     1.54100e+00     3.61000e-01
     3.44828e-05     1.53900e+00     3.68000e-01
     3.57143e-05     1.53700e+00     3.75000e-01
     3.70370e-05     1.53400e+00     3.85000e-01
     3.84615e-05     1.53200e+00     3.98000e-01
     4.00000e-05     1.52900e+00     4.14000e-01
     4.16667e-05     1.52500e+00     4.36000e-01
     4.34783e-05     1.52800e+00     4.69000e-01
     4.54545e-05     1.54200e+00     5.05000e-01
     4.76190e-05     1.56700e+00     5.39000e-01
     5.00000e-05     1.60000e+00     5.71000e-01
     5.26316e-05     1.64000e+00     5.97000e-01
     5.55556e-05     1.68900e+00     6.18000e-01
     5.88235e-05     1.74600e+00     6.29000e-01
     6.25000e-05     1.80100e+00     6.22000e-01
     6.66667e-05     1.84800e+00     6.08000e-01
     7.14286e-05     1.89000e+00     5.93000e-01
     7.69231e-05     1.92900e+00     5.77000e-01
     8.33333e-05     1.96000e+00     5.57000e-01
     9.09091e-05     1.98200e+00     5.32000e-01
     1.00000e-04     1.99700e+00     5.07000e-01
     1.11111e-04     2.00000e+00     4.87000e-01
     1.25000e-04     2.01000e+00     4.66000e-01
     1.42857e-04     2.02000e+00     4.50000e-01
     1.66667e-04     2.04000e+00     4.44000e-01
     2.00000e-04     2.07000e+00     4.38000e-01
     2.50000e-04     2.11000e+00     4.60000e-01
     3.33333e-04     2.15000e+00     5.27000e-01
     5.00000e-04     2.22500e+00     7.18000e-01
     7.49900E-04     2.290196        8.725E-01
     7.99800E-04     2.312599        9.116E-01
     8.49200E-04     2.337241        9.501E-01
     8.99500E-04     2.363856        9.835E-01
     9.50600E-04     2.385313        1.011E+00
     1.00000E-03     2.399111        1.042E+00
     1.10000E-03     2.436760        1.120E+00
     1.20000E-03     2.481153        1.191E+00
     1.30000E-03     2.527536        1.261E+00
     1.40000E-03     2.577344        1.330E+00
     1.50000E-03     2.629097        1.393E+00
     1.60000E-03     2.679108        1.452E+00
     1.70000E-03     2.729264        1.511E+00
     1.80000E-03     2.781861        1.567E+00
     1.90000E-03     2.831974        1.617E+00
     2.00000E-03     2.881863        1.670E+00
     2.10000E-03     2.933900        1.718E+00
     2.20000E-03     2.983258        1.763E+00
     2.30000E-03     3.032401        1.809E+00
     2.40000E-03     3.084049        1.853E+00
     2.50000E-03     3.133464        1.891E+00
     2.60000E-03     3.179887        1.931E+00
     2.70000E-03     3.228984        1.973E+00
     2.80000E-03     3.279470        2.009E+00
     2.90000E-03     3.326631        2.043E+00
     3.00000E-03     3.374610        2.079E+00
     3.10000E-03     3.422465        2.110E+00
     3.20000E-03     3.468221        2.142E+00
     3.30000E-03     3.516889        2.174E+00
     3.40000E-03     3.563346        2.199E+00
     3.50000E-03     3.607096        2.228E+00
     3.60000E-03     3.650102        2.255E+00
     3.70000E-03     3.695213        2.286E+00
     3.80000E-03     3.741930        2.310E+00
     3.90000E-03     3.785136        2.333E+00
     4.00000E-03     3.829496        2.360E+00
     4.10000E-03     3.873564        2.380E+00
     4.20000E-03     3.917021        2.404E+00
     4.30000E-03     3.960586        2.423E+00
     4.40000E-03     4.003601        2.445E+00
     4.50000E-03     4.045111        2.460E+00
     4.60000E-03     4.084851        2.481E+00
     4.70000E-03     4.125763        2.500E+00
     4.80000E-03     4.166540        2.518E+00
     4.90000E-03     4.207585        2.535E+00
     5.00000E-03     4.248425        2.551E+00
     5.10000E-03     4.288766        2.567E+00
     5.20000E-03     4.328263        2.581E+00
     5.30000E-03     4.367201        2.595E+00
     5.40000E-03     4.403706        2.607E+00
     5.50000E-03     4.442443        2.625E+00
     5.60000E-03     4.482558        2.636E+00
     5.70000E-03     4.518750        2.647E+00
     5.80000E-03     4.555811        2.662E+00
     5.90100E-03     4.593558        2.671E+00
     6.00100E-03     4.631138        2.685E+00
     6.10000E-03     4.667698        2.692E+00
     6.20000E-03     4.704528        2.705E+00
     6.29900E-03     4.740422        2.711E+00
     6.40000E-03     4.776470        2.723E+00
     6.50000E-03     4.811400        2.727E+00
     6.59900E-03     4.844068        2.737E+00
     6.70000E-03     4.881015        2.747E+00
     6.80000E-03     4.915201        2.750E+00
     6.89900E-03     4.946351        2.758E+00
     7.00000E-03     4.979800        2.766E+00
     7.10100E-03     5.013994        2.774E+00
     7.19900E-03     5.047771        2.780E+00
     7.30000E-03     5.083439        2.787E+00
     7.39900E-03     5.116001        2.786E+00
     7.50100E-03     5.146161        2.792E+00
     7.60000E-03     5.177179        2.796E+00
     7.70000E-03     5.209531        2.801E+00
     7.80000E-03     5.241539        2.805E+00
     7.90000E-03     5.273172        2.808E+00
     8.00000E-03     5.304929        2.811E+00
     8.10000E-03     5.336323        2.814E+00
     8.20000E-03     5.367389        2.816E+00
     8.30000E-03     5.398286        2.824E+00
     8.40000E-03     5.428878        2.825E+00
     8.50000E-03     5.459208        2.826E+00
     8.60000E-03     5.489262        2.827E+00
     8.70000E-03     5.519027        2.827E+00
     8.80000E-03     5.548489        2.833E+00
     8.90000E-03     5.577699        2.833E+00
     9.00000E-03     5.606586        2.832E+00
     9.10000E-03     5.635201        2.830E+00
     9.20000E-03     5.663535        2.835E+00
     9.30000E-03     5.691521        2.833E+00
     9.40000E-03     5.719272        2.831E+00
     9.50000E-03     5.746661        2.835E+00
     9.60000E-03     5.773802        2.832E+00
     9.70000E-03     5.800631        2.835E+00
     9.80000E-03     5.827179        2.831E+00
     9.90000E-03     5.853423        2.828E+00
     1.00000E-02     5.879378        2.830E+00
     1.10000E-02     6.131865        2.807E+00
     1.20000E-02     6.346035        2.773E+00
     1.30000E-02     6.538143        2.733E+00
     1.40000E-02     6.711149        2.685E+00
     1.50000E-02     6.867192        2.630E+00
     1.60000E-02     7.007965        2.576E+00
     1.70000E-02     7.135674        2.519E+00
     1.80000E-02     7.252419        2.461E+00
     1.90000E-02     7.358822        2.397E+00
     2.00000E-02     7.455943        2.338E+00
     2.10000E-02     7.544423        2.280E+00
     2.20000E-02     7.625553        2.224E+00
     2.30000E-02     7.701126        2.170E+00
     2.40000E-02     7.768902        2.113E+00
     2.50000E-02     7.831158        2.064E+00
     2.60000E-02     7.889643        2.011E+00
     2.70000E-02     7.941322        1.961E+00
     2.80000E-02     7.989355        1.914E+00
     2.90000E-02     8.033791        1.868E+00
     3.00000E-02     8.074469        1.824E+00
     3.10000E-02     8.112180        1.781E+00
     3.20000E-02     8.147128        1.741E+00
     3.30000E-02     8.179843        1.701E+00
     3.40000E-02     8.209818        1.663E+00
     3.50000E-02     8.238281        1.627E+00
     3.60000E-02     8.264599        1.591E+00
     3.70000E-02     8.288448        1.557E+00
     3.80000E-02     8.311297        1.525E+00
     3.90000E-02     8.332788        1.493E+00
     4.00000E-02     8.352700        1.463E+00
     4.10000E-02     8.371979        1.434E+00
     4.20000E-02     8.389151        1.405E+00
     4.30000E-02     8.405156        1.378E+00
     4.40000E-02     8.420858        1.352E+00
     4.50000E-02     8.435660        1.327E+00
     4.60000E-02     8.449912        1.302E+00
     4.70000E-02     8.462521        1.278E+00
     4.80000E-02     8.474673        1.256E+00
     4.90000E-02     8.486470        1.233E+00
     5.00000E-02     8.497290        1.212E+00
     5.10000E-02     8.507814        1.191E+00
     5.20000E-02     8.517490        1.171E+00
     5.30000E-02     8.526995        1.152E+00
     5.40000E-02     8.535947        1.133E+00
     5.50000E-02     8.545560        1.115E+00
     5.60000E-02     8.554652        1.097E+00
     5.70000E-02     8.563363        1.080E+00
     5.80000E-02     8.571605        1.063E+00
     5.90100E-02     8.579613        1.047E+00
     6.00100E-02     8.587191        1.031E+00
     6.10000E-02     8.594362        1.016E+00
     6.20000E-02     8.601342        1.001E+00
     6.29900E-02     8.607948        9.867E-01
     6.40000E-02     8.614382        9.727E-01
     6.50000E-02     8.620473        9.589E-01
     6.59900E-02     8.626323        9.456E-01
     6.70000E-02     8.632030        9.328E-01
     6.80000E-02     8.637431        9.202E-01
     6.89900E-02     8.642623        9.078E-01
     7.00000E-02     8.647693        8.960E-01
     7.10100E-02     8.652568        8.845E-01
     7.19900E-02     8.657181        8.728E-01
     7.30000E-02     8.661691        8.618E-01
     7.39900E-02     8.666029        8.509E-01
     7.50100E-02     8.670273        8.406E-01
     7.60000E-02     8.674287        8.302E-01
     7.70000E-02     8.678217        8.201E-01
     7.80000E-02     8.681999        8.104E-01
     7.90000E-02     8.685638        8.007E-01
     8.00000E-02     8.689204        7.914E-01
     8.10000E-02     8.692637        7.822E-01
     8.20000E-02     8.695941        7.733E-01
     8.30000E-02     8.699181        7.645E-01
     8.40000E-02     8.702404        7.560E-01
     8.50000E-02     8.705507        7.476E-01
     8.60000E-02     8.708553        7.394E-01
     8.70000E-02     8.711486        7.314E-01
     8.80000E-02     8.714366        7.236E-01
     8.90000E-02     8.717139        7.159E-01
     8.99900E-02     8.719808        7.083E-01
     9.09900E-02     8.722432        7.009E-01
     9.20000E-02     8.725011        6.938E-01
     9.30000E-02     8.727494        6.867E-01
     9.39900E-02     8.729884        6.798E-01
     9.49900E-02     8.732236        6.730E-01
     9.60100E-02     8.734549        6.663E-01
     9.70100E-02     8.736776        6.598E-01
     9.79900E-02     8.738919        6.534E-01
     9.89900E-02     8.741029        6.471E-01
     1.00000E-01     8.743107        6.409E-01
     1.09900E-01     8.761392        5.845E-01
     1.19900E-01     8.776133        5.380E-01
     1.30000E-01     8.788091        4.983E-01
     1.40000E-01     8.797836        4.636E-01
     1.50000E-01     8.804337        4.337E-01
     1.60000E-01     8.809677        4.073E-01
     1.69800E-01     8.814082        3.837E-01
     1.79900E-01     8.817867        3.630E-01
     1.90100E-01     8.821129        3.448E-01
     2.00000E-01     8.823834        3.277E-01
     2.09900E-01     8.826184        3.123E-01
     2.19800E-01     8.828230        2.983E-01
     2.30100E-01     8.830103        2.860E-01
     2.39900E-01     8.831656        2.741E-01
     2.50000E-01     8.833091        2.634E-01
     2.60000E-01     8.834348        2.535E-01
     2.69800E-01     8.835449        2.441E-01
     2.79900E-01     8.836475        2.356E-01
     2.89700E-01     8.837375        2.274E-01
     2.99900E-01     8.838141        2.202E-01
     3.09700E-01     8.838809        2.132E-01
     3.19900E-01     8.839434        2.064E-01
     3.30400E-01     8.840020        2.008E-01
     3.39600E-01     8.840491        1.944E-01
     3.49900E-01     8.840974        1.891E-01
     3.59700E-01     8.841394        1.840E-01
     3.69800E-01     8.841790        1.790E-01
     3.80200E-01     8.842166        1.745E-01
     3.89900E-01     8.842491        1.701E-01
     3.99900E-01     8.842801        1.659E-01
     4.10200E-01     8.843095        1.621E-01
     4.19800E-01     8.843349        1.580E-01
     4.29500E-01     8.843591        1.545E-01
     4.39500E-01     8.843823        1.509E-01
     4.49800E-01     8.844044        1.478E-01
     4.60300E-01     8.844254        1.448E-01
     4.69900E-01     8.844436        1.415E-01
     4.79700E-01     8.844609        1.386E-01
     4.89800E-01     8.844776        1.358E-01
     5.00000E-01     8.844936        1.333E-01
     5.10500E-01     8.845089        1.309E-01
     5.20000E-01     8.845220        1.282E-01
     5.29700E-01     8.845345        1.258E-01
     5.39500E-01     8.845467        1.233E-01
     5.49500E-01     8.845583        1.213E-01
     5.59800E-01     8.845696        1.191E-01
     5.70200E-01     8.845804        1.172E-01
     5.79400E-01     8.845896        1.150E-01
     5.90200E-01     8.845997        1.132E-01
     5.99800E-01     8.846082        1.114E-01
     6.09500E-01     8.846164        1.093E-01
     6.19400E-01     8.846244        1.076E-01
     6.29500E-01     8.846321        1.061E-01
     6.39700E-01     8.846396        1.044E-01
     6.50100E-01     8.846468        1.030E-01
     6.60700E-01     8.846538        1.013E-01
     6.69900E-01     8.846596        9.995E-02
     6.80800E-01     8.846662        9.858E-02
     6.90200E-01     8.846716        9.700E-02
     6.99800E-01     8.846769        9.567E-02
     7.09600E-01     8.846821        9.436E-02
     7.19400E-01     8.846871        9.285E-02
     7.29500E-01     8.846920        9.179E-02
     7.39600E-01     8.846967        9.053E-02
     7.49900E-01     8.847013        8.929E-02
     7.60300E-01     8.847058        8.827E-02
     7.69100E-01     8.847094        8.705E-02
     7.79800E-01     8.847137        8.586E-02
     7.90700E-01     8.847178        8.488E-02
     7.99800E-01     8.847212        8.391E-02
     8.09100E-01     8.847244        8.275E-02
     8.20400E-01     8.847283        8.181E-02
     8.29900E-01     8.847314        8.087E-02
     8.39500E-01     8.847344        7.976E-02
     8.49200E-01     8.847374        7.885E-02
     8.59000E-01     8.847403        7.795E-02
     8.71000E-01     8.847437        7.723E-02
     8.79000E-01     8.847459        7.617E-02
     8.89200E-01     8.847485        7.547E-02
     8.99500E-01     8.847512        7.461E-02
     9.09900E-01     8.847537        7.375E-02
     9.20400E-01     8.847563        7.308E-02
     9.29000E-01     8.847582        7.224E-02
     9.39700E-01     8.847606        7.142E-02
     9.50600E-01     8.847630        7.076E-02
     9.59400E-01     8.847648        6.995E-02
     9.70500E-01     8.847671        6.931E-02
     9.79500E-01     8.847688        6.852E-02
     9.90800E-01     8.847710        6.804E-02
     1.00000E+00     8.847727        6.727E-02
     1.09900E+00     8.847889        6.121E-02
     1.19900E+00     8.848013        5.621E-02
     1.30000E+00     8.848109        5.197E-02
     1.40000E+00     8.848183        4.828E-02
     1.50000E+00     8.848243        4.506E-02
     1.60000E+00     8.848291        4.234E-02
     1.69800E+00     8.848330        3.979E-02
     1.79900E+00     8.848364        3.765E-02
     1.90100E+00     8.848392        3.571E-02
     2.00000E+00     8.848415        3.395E-02
     2.09900E+00     8.848435        3.234E-02
     2.19800E+00     8.848452        3.089E-02
     2.30100E+00     8.848467        2.957E-02
     2.39900E+00     8.848480        2.837E-02
     2.50000E+00     8.848491        2.721E-02
     2.60000E+00     8.848501        2.623E-02
     2.69800E+00     8.848510        2.522E-02
     2.79900E+00     8.848518        2.437E-02
     2.89700E+00     8.848524        2.348E-02
     2.99900E+00     8.848531        2.274E-02
     3.09700E+00     8.848536        2.202E-02
     3.19900E+00     8.848541        2.132E-02
     3.30400E+00     8.848546        2.074E-02
     3.39600E+00     8.848550        2.008E-02
     3.49900E+00     8.848554        1.953E-02
     3.59700E+00     8.848557        1.900E-02
     3.69800E+00     8.848560        1.848E-02
     3.80200E+00     8.848563        1.802E-02
     3.89900E+00     8.848566        1.757E-02
     3.99900E+00     8.848568        1.713E-02
     4.10200E+00     8.848570        1.670E-02
     4.19800E+00     8.848572        1.632E-02
     4.29500E+00     8.848574        1.591E-02
     4.39500E+00     8.848576        1.559E-02
     4.49800E+00     8.848577        1.523E-02
     4.60300E+00     8.848579        1.492E-02
     4.69900E+00     8.848580        1.458E-02
     4.79700E+00     8.848581        1.428E-02
     4.89800E+00     8.848582        1.399E-02
     5.00000E+00     8.848584        1.373E-02
     5.10500E+00     8.848585        1.348E-02
     5.20000E+00     8.848585        1.321E-02
     5.29700E+00     8.848586        1.297E-02
     5.39500E+00     8.848587        1.273E-02
     5.49500E+00     8.848588        1.250E-02
     5.59800E+00     8.848589        1.227E-02
     5.70200E+00     8.848589        1.207E-02
     5.79400E+00     8.848590        1.185E-02
     5.90200E+00     8.848591        1.166E-02
     5.99800E+00     8.848591        1.148E-02
     6.09500E+00     8.848592        1.129E-02
     6.19400E+00     8.848592        1.111E-02
     6.29500E+00     8.848593        1.091E-02
     6.39700E+00     8.848593        1.076E-02
     6.50100E+00     8.848594        1.061E-02
     6.60700E+00     8.848594        1.044E-02
     6.69900E+00     8.848594        1.030E-02
     6.80800E+00     8.848595        1.016E-02
     6.90200E+00     8.848595        9.995E-03
     6.99800E+00     8.848595        9.858E-03
     7.09600E+00     8.848596        9.700E-03
     7.19400E+00     8.848596        9.567E-03
     7.29500E+00     8.848596        9.458E-03
     7.39600E+00     8.848596        9.328E-03
     7.49900E+00     8.848597        9.200E-03
     7.60300E+00     8.848597        9.095E-03
     7.69100E+00     8.848597        8.949E-03
     7.79800E+00     8.848597        8.847E-03
     7.90700E+00     8.848598        8.746E-03
     7.99800E+00     8.848598        8.626E-03
     8.09100E+00     8.848598        8.527E-03
     8.20400E+00     8.848598        8.429E-03
     8.29900E+00     8.848598        8.333E-03
     8.39500E+00     8.848598        8.218E-03
     8.49200E+00     8.848598        8.124E-03
     8.59000E+00     8.848599        8.031E-03
     8.71000E+00     8.848599        7.958E-03
     8.79000E+00     8.848599        7.849E-03
     8.89200E+00     8.848599        7.759E-03
     8.99500E+00     8.848599        7.688E-03
     9.09900E+00     8.848599        7.600E-03
     9.20400E+00     8.848599        7.530E-03
     9.29000E+00     8.848599        7.444E-03
     9.39700E+00     8.848600        7.359E-03
     9.50600E+00     8.848600        7.291E-03
     9.59400E+00     8.848600        7.208E-03
     9.70500E+00     8.848600        7.142E-03
     9.79500E+00     8.848600        7.060E-03
     9.90800E+00     8.848600        7.011E-03
     1.00000E+01     8.848600        6.931E-03
*END
