Wavelengths(m) at which refractive index is given for refract_water_ext
*BEGIN_DATA
1.75000E-07
1.79900E-07
1.84900E-07
1.90100E-07
2.00000e-07
2.25000e-07
2.50000e-07
2.75000e-07
3.00000e-07
3.25000e-07
3.50000e-07
3.75000e-07
4.00000e-07
4.25000e-07
4.50000e-07
4.75000e-07
5.00000e-07
5.25000e-07
5.50000e-07
5.75000e-07
6.00000e-07
6.25000e-07
6.50000e-07
6.75000e-07
7.00000e-07
7.25000e-07
7.50000e-07
7.75000e-07
8.00000e-07
8.25000e-07
8.50000e-07
8.75000e-07
9.00000e-07
9.25000e-07
9.50000e-07
9.75000e-07
1.00000e-06
1.05000e-06
1.10000e-06
1.15000e-06
1.20000e-06
1.25000e-06
1.30000e-06
1.35000e-06
1.40000e-06
1.45000e-06
1.50000e-06
1.55000e-06
1.60000e-06
1.65000e-06
1.70000e-06
1.75000e-06    
1.80000e-06
1.85000e-06
1.90000e-06
1.95000e-06
2.00000e-06
2.02020e-06
2.04082e-06
2.06186e-06
2.08333e-06
2.10526e-06
2.12766e-06
2.15054e-06
2.17391e-06
2.19780e-06
2.22222e-06
2.24719e-06
2.27273e-06
2.29885e-06
2.32558e-06
2.35294e-06
2.38095e-06
2.40964e-06
2.43902e-06
2.46914e-06
2.50000e-06
2.50627e-06
2.51256e-06
2.51889e-06
2.52525e-06
2.53165e-06
2.53807e-06
2.54453e-06
2.55102e-06
2.55754e-06
2.56410e-06
2.57069e-06
2.57732e-06
2.58398e-06
2.59067e-06
2.59740e-06
2.60417e-06
2.61097e-06
2.61780e-06
2.62467e-06
2.63158e-06
2.63852e-06
2.64550e-06
2.65252e-06
2.65957e-06
2.66667e-06
2.67380e-06
2.68097e-06
2.68817e-06
2.69542e-06
2.70270e-06
2.71003e-06
2.71739e-06
2.72480e-06
2.73224e-06
2.73973e-06
2.74725e-06
2.75482e-06
2.76243e-06
2.77008e-06
2.77778e-06
2.78552e-06
2.79330e-06
2.80112e-06
2.80899e-06
2.81690e-06
2.82486e-06
2.83286e-06
2.84091e-06
2.84900e-06
2.85714e-06
2.86533e-06
2.87356e-06
2.88184e-06
2.89017e-06
2.89855e-06
2.90698e-06
2.91545e-06
2.92398e-06
2.93255e-06
2.94118e-06
2.94985e-06
2.95858e-06
2.96736e-06
2.97619e-06
2.98507e-06
2.99401e-06
3.00300e-06
3.01205e-06
3.02115e-06
3.03030e-06
3.03951e-06
3.04878e-06
3.05810e-06
3.06748e-06
3.07692e-06
3.08642e-06
3.09598e-06
3.10559e-06
3.11526e-06
3.12500e-06
3.13480e-06
3.14465e-06
3.15457e-06
3.16456e-06
3.17460e-06
3.18471e-06
3.19489e-06
3.20513e-06
3.21543e-06
3.22581e-06
3.23625e-06
3.24675e-06
3.25733e-06
3.26797e-06
3.27869e-06
3.28947e-06
3.30033e-06
3.31126e-06
3.32226e-06
3.33333e-06
3.34448e-06
3.35570e-06
3.36700e-06
3.37838e-06
3.38983e-06
3.40136e-06
3.41297e-06
3.42466e-06
3.43643e-06
3.44828e-06
3.46021e-06
3.47222e-06
3.48432e-06
3.49650e-06
3.50877e-06
3.52113e-06
3.53357e-06
3.54610e-06
3.55872e-06
3.57143e-06
3.58423e-06
3.59712e-06
3.61011e-06
3.62319e-06
3.63636e-06
3.64964e-06
3.66300e-06
3.67647e-06
3.69004e-06
3.70370e-06
3.71747e-06
3.73134e-06
3.74532e-06
3.75940e-06
3.77358e-06
3.78788e-06
3.80228e-06
3.81679e-06
3.83142e-06
3.84615e-06
3.86100e-06
3.87597e-06
3.89105e-06
3.90625e-06
3.92157e-06
3.93701e-06
3.95257e-06
3.96825e-06
3.98406e-06
4.00000e-06
4.01606e-06
4.03226e-06
4.04858e-06
4.06504e-06
4.08163e-06
4.09836e-06
4.11523e-06
4.13223e-06
4.14938e-06
4.16667e-06
4.18410e-06
4.20168e-06
4.21941e-06
4.23729e-06
4.25532e-06
4.27350e-06
4.29185e-06
4.31034e-06
4.32900e-06
4.34783e-06
4.36681e-06
4.38596e-06
4.40529e-06
4.42478e-06
4.44444e-06
4.46429e-06
4.48430e-06
4.50450e-06
4.52489e-06
4.54545e-06
4.56621e-06
4.58716e-06
4.60829e-06
4.62963e-06
4.65116e-06
4.67290e-06
4.69484e-06
4.71698e-06
4.73934e-06
4.76190e-06
4.78469e-06
4.80769e-06
4.83092e-06
4.85437e-06
4.87805e-06
4.90196e-06
4.92611e-06
4.95050e-06
4.97512e-06
5.00000e-06
5.02513e-06
5.05051e-06
5.07614e-06
5.10204e-06
5.12821e-06
5.15464e-06
5.18135e-06
5.20833e-06
5.23560e-06
5.26316e-06
5.29101e-06
5.31915e-06
5.34759e-06
5.37634e-06
5.40541e-06
5.43478e-06
5.46448e-06
5.49451e-06
5.52486e-06
5.55556e-06
5.58659e-06
5.61798e-06
5.64972e-06
5.68182e-06
5.71429e-06
5.74713e-06
5.78035e-06
5.81395e-06
5.84795e-06
5.88235e-06
5.91716e-06
5.95238e-06
5.98802e-06
6.02410e-06
6.06061e-06
6.09756e-06
6.13497e-06
6.17284e-06
6.21118e-06
6.25000e-06
6.28931e-06
6.32911e-06
6.36943e-06
6.41026e-06
6.45161e-06
6.49351e-06
6.53595e-06
6.57895e-06
6.62252e-06
6.66667e-06
6.71141e-06
6.75676e-06
6.80272e-06
6.84932e-06
6.89655e-06
6.94444e-06
6.99301e-06
7.04225e-06
7.09220e-06
7.14286e-06
7.19424e-06
7.24638e-06
7.29927e-06
7.35294e-06
7.40741e-06
7.46269e-06
7.51880e-06
7.57576e-06
7.63359e-06
7.69231e-06
7.75194e-06
7.81250e-06
7.87402e-06
7.93651e-06
8.00000e-06
8.06452e-06
8.13008e-06
8.19672e-06
8.26446e-06
8.33333e-06
8.40336e-06
8.47458e-06
8.54701e-06
8.62069e-06
8.69565e-06
8.77193e-06
8.84956e-06
8.92857e-06
9.00901e-06
9.09091e-06
9.17431e-06
9.25926e-06
9.34579e-06
9.43396e-06
9.52381e-06
9.61538e-06
9.70874e-06
9.80392e-06
9.90099e-06
1.00000e-05
1.01010e-05
1.02041e-05
1.03093e-05
1.04167e-05
1.05263e-05
1.06383e-05
1.07527e-05
1.08696e-05
1.09890e-05
1.11111e-05
1.12360e-05
1.13636e-05
1.14943e-05
1.16279e-05
1.17647e-05
1.19048e-05
1.20482e-05
1.21951e-05
1.23457e-05
1.25000e-05
1.26582e-05
1.28205e-05
1.29870e-05
1.31579e-05
1.33333e-05
1.35135e-05
1.36986e-05
1.38889e-05
1.40845e-05
1.42857e-05
1.44928e-05
1.47059e-05
1.49254e-05
1.51515e-05
1.53846e-05
1.56250e-05
1.58730e-05
1.61290e-05
1.63934e-05
1.66667e-05
1.69492e-05
1.72414e-05
1.75439e-05
1.78571e-05
1.81818e-05
1.85185e-05
1.88679e-05
1.92308e-05
1.96078e-05
2.00000e-05
2.04082e-05
2.08333e-05
2.12766e-05
2.17391e-05
2.22222e-05
2.27273e-05
2.32558e-05
2.38095e-05
2.43902e-05
2.50000e-05
2.56410e-05
2.63158e-05
2.70270e-05
2.77778e-05
2.85714e-05
2.94118e-05
3.03030e-05
3.12500e-05
3.22581e-05
3.33333e-05
3.44828e-05
3.57143e-05
3.70370e-05
3.84615e-05
4.00000e-05
4.16667e-05
4.34783e-05
4.54545e-05
4.76190e-05
5.00000e-05
5.26316e-05
5.55556e-05
5.88235e-05
6.25000e-05
6.66667e-05
7.14286e-05
7.69231e-05
8.33333e-05
9.09091e-05
1.00000e-04
1.11111e-04
1.25000e-04
1.42857e-04
1.66667e-04
2.00000e-04
2.50000e-04
3.33333e-04
5.00000e-04
7.49900E-04
7.99800E-04
8.49200E-04
8.99500E-04
9.50600E-04
1.00000E-03
2.00000E-03
5.00000E-03
1.00000E-02
2.00000E-02
*END
