114.53330	2.29914e-18
114.56670	1.97660e-18
114.60000	1.79721e-18
114.63330	1.65375e-18
114.66670	1.51918e-18
114.70000	1.42812e-18
114.73330	1.38394e-18
114.76670	1.42009e-18
114.80000	1.53449e-18
114.83330	1.73846e-18
114.86670	1.88753e-18
114.90000	1.98075e-18
114.93330	1.93246e-18
114.96670	1.82074e-18
115.00000	1.66030e-18
115.03330	1.48004e-18
115.06670	1.33700e-18
115.10000	1.19741e-18
115.13330	1.07599e-18
115.16670	9.28389e-19
115.20000	7.92030e-19
115.23330	6.72097e-19
115.26670	5.83909e-19
115.30000	5.18177e-19
115.33330	4.52029e-19
115.36670	3.87628e-19
115.40000	3.34421e-19
115.43330	2.91812e-19
115.46670	2.95474e-19
115.50000	3.59376e-19
115.53330	4.96168e-19
115.56670	8.09374e-19
115.60000	1.31706e-18
115.63330	2.04428e-18
115.66670	2.64910e-18
115.70000	3.46212e-18
115.73330	3.04558e-18
115.76670	2.23759e-18
115.80000	1.57448e-18
115.83330	1.13202e-18
115.86670	8.51739e-19
115.90000	6.75372e-19
115.93330	5.56025e-19
115.96670	4.70938e-19
116.00000	4.02251e-19
116.03330	3.51098e-19
116.06670	2.93930e-19
116.10000	2.50297e-19
116.13330	2.11978e-19
116.16670	1.80261e-19
116.20000	1.54394e-19
116.23330	1.34063e-19
116.26670	1.22446e-19
116.30000	1.15454e-19
116.33330	1.11323e-19
116.36670	1.12216e-19
116.40000	1.23399e-19
116.43330	1.45840e-19
116.46670	1.87695e-19
116.50000	2.46043e-19
116.53330	2.89222e-19
116.56670	2.88564e-19
116.60000	2.51148e-19
116.63330	2.05135e-19
116.66670	1.63232e-19
116.70000	1.39435e-19
116.73330	1.27618e-19
116.76670	1.25382e-19
116.80000	1.30124e-19
116.83330	1.36221e-19
116.86670	1.35418e-19
116.90000	1.28066e-19
116.93330	1.08054e-19
116.96670	9.29902e-20
117.00000	7.81801e-20
117.03330	6.42839e-20
117.06670	5.75881e-20
117.10000	5.22534e-20
117.13330	4.82793e-20
117.16670	5.35419e-20
117.20000	6.43098e-20
117.23330	7.92826e-20
117.26670	9.77636e-20
117.30000	1.12803e-19
117.33330	1.27220e-19
117.36670	1.48669e-19
117.40000	1.95697e-19
117.43330	3.04368e-19
117.46670	4.24417e-19
117.50000	4.59367e-19
117.53330	3.39311e-19
117.56670	2.17925e-19
117.60000	1.29773e-19
117.63330	7.68715e-20
117.66670	5.28060e-20
117.70000	4.19882e-20
117.73330	3.33103e-20
117.76670	3.00790e-20
117.80000	2.68831e-20
117.83330	2.29626e-20
117.86670	2.03017e-20
117.90000	1.90563e-20
117.93330	1.87098e-20
117.96670	1.82931e-20
118.00000	1.50322e-20
118.03330	1.50274e-20
118.06670	1.51958e-20
118.10000	1.67661e-20
118.13330	1.44427e-20
118.16670	1.59430e-20
118.20000	1.60417e-20
118.23330	1.67215e-20
118.26670	1.87204e-20
118.30000	2.07961e-20
118.33330	2.33247e-20
118.36670	2.60801e-20
118.40000	2.61248e-20
118.43330	2.26613e-20
118.46670	2.25719e-20
118.50000	1.99823e-20
118.53330	1.73180e-20
118.56670	1.64442e-20
118.60000	1.48577e-20
118.63330	1.32828e-20
118.66670	1.37834e-20
118.70000	1.32997e-20
118.73330	1.08618e-20
118.76670	1.06479e-20
118.80000	9.54776e-21
118.83330	9.70394e-21
118.86670	1.15775e-20
118.90000	1.04068e-20
118.93330	1.01081e-20
118.96670	1.05839e-20
119.00000	1.13506e-20
119.03330	1.47188e-20
119.06670	1.59777e-20
119.10000	1.77461e-20
119.13330	1.83648e-20
119.16670	2.11791e-20
119.20000	2.00589e-20
119.23330	2.09164e-20
119.26670	2.16833e-20
119.30000	2.22386e-20
119.33330	2.05683e-20
119.36670	1.94901e-20
119.40000	1.80932e-20
119.43330	1.66731e-20
119.46670	1.58092e-20
119.50000	1.67314e-20
119.53330	1.55557e-20
119.56670	1.42701e-20
119.60000	1.54457e-20
119.63330	1.60932e-20
119.66670	1.71413e-20
119.70000	1.94578e-20
119.73330	1.86069e-20
119.76670	1.93836e-20
119.80000	2.12304e-20
119.83330	2.20951e-20
119.86670	2.51844e-20
119.90000	2.77062e-20
119.93330	2.86899e-20
119.96670	2.96253e-20
120.00000	3.04526e-20
120.03330	3.08181e-20
120.06670	2.88357e-20
120.10000	3.07120e-20
120.13330	3.07159e-20
120.16670	3.15133e-20
120.20000	3.04514e-20
120.23330	2.89049e-20
120.26670	2.65919e-20
120.30000	2.59189e-20
120.33330	2.55804e-20
120.36670	2.71335e-20
120.40000	2.83766e-20
120.43330	3.05559e-20
120.46670	3.03950e-20
120.50000	3.20313e-20
120.53330	3.36554e-20
120.56670	3.42287e-20
120.60000	3.50710e-20
120.63330	3.71253e-20
120.66670	3.71352e-20
120.70000	3.83881e-20
120.73330	3.96239e-20
120.76670	4.21794e-20
120.80000	4.32413e-20
120.83330	4.46133e-20
120.86670	4.58851e-20
120.90000	4.51614e-20
120.93330	4.63498e-20
120.96670	4.60815e-20
121.00000	4.68644e-20
121.03330	4.36924e-20
121.06670	4.35820e-20
121.10000	4.24691e-20
121.13330	4.22402e-20
121.16670	4.47267e-20
121.20000	4.51577e-20
121.23330	4.38181e-20
121.26670	4.25105e-20
121.30000	4.04676e-20
121.33330	4.08955e-20
121.36670	4.06786e-20
121.40000	4.24252e-20
121.43330	4.39298e-20
121.46670	4.90776e-20
121.50000	5.36170e-20
121.53330	5.70055e-20
121.56670	5.89966e-20
121.60000	6.30841e-20
121.63330	6.41722e-20
121.66670	6.37985e-20
121.70000	6.30866e-20
121.73330	6.17583e-20
121.76670	6.00661e-20
121.80000	5.79906e-20
121.83330	5.70970e-20
121.86670	5.73744e-20
121.90000	5.95843e-20
121.93330	6.19986e-20
121.96670	6.37458e-20
122.00000	6.33812e-20
122.03330	6.20428e-20
122.06670	6.17941e-20
122.10000	5.93902e-20
122.13330	5.63973e-20
122.16670	5.70080e-20
122.20000	5.84653e-20
122.23330	5.78809e-20
122.26670	6.11442e-20
122.30000	6.56712e-20
122.33330	7.05407e-20
122.36670	7.70637e-20
122.40000	8.40220e-20
122.43330	9.08689e-20
122.46670	9.28585e-20
122.50000	9.11510e-20
122.53330	8.88778e-20
122.56670	8.45919e-20
122.60000	8.01143e-20
122.63330	7.77973e-20
122.66670	7.41128e-20
122.70000	7.42648e-20
122.73330	7.33277e-20
122.76670	7.44745e-20
122.80000	7.92907e-20
122.83330	8.21104e-20
122.86670	8.39345e-20
122.90000	8.55791e-20
122.93330	8.73185e-20
122.96670	8.96331e-20
123.00000	9.05060e-20
123.03330	8.74127e-20
123.06670	8.52584e-20
123.10000	8.67702e-20
123.13330	8.88530e-20
123.16670	9.49740e-20
123.20000	1.00490e-19
123.23330	1.03076e-19
123.26670	1.13247e-19
123.30000	1.16604e-19
123.33330	1.15954e-19
123.36670	1.14032e-19
123.40000	1.11844e-19
123.43330	1.10941e-19
123.46670	1.08742e-19
123.50000	1.04764e-19
123.53330	1.03029e-19
123.56670	1.01382e-19
123.60000	1.00633e-19
123.63330	1.00674e-19
123.66670	1.02534e-19
123.70000	1.06454e-19
123.73330	1.10110e-19
123.76670	1.14624e-19
123.80000	1.19567e-19
123.83330	1.26279e-19
123.86670	1.31688e-19
123.90000	1.34251e-19
123.93330	1.33316e-19
123.96670	1.30007e-19
124.00000	1.26156e-19
124.03330	1.21685e-19
124.06670	1.22240e-19
124.10000	1.28300e-19
124.13330	1.37372e-19
124.16670	1.47797e-19
124.20000	1.56977e-19
124.23330	1.62719e-19
124.26670	1.63064e-19
124.30000	1.59556e-19
124.33330	1.53139e-19
124.36670	1.55104e-19
124.40000	1.49844e-19
124.43330	1.39624e-19
124.46670	1.31718e-19
124.50000	1.25288e-19
124.53330	1.21200e-19
124.56670	1.19626e-19
124.60000	1.22393e-19
124.63330	1.25736e-19
124.66670	1.30032e-19
124.70000	1.37507e-19
124.73330	1.44771e-19
124.76670	1.52608e-19
124.80000	1.65602e-19
124.83330	1.83288e-19
124.86670	2.07480e-19
124.90000	2.21765e-19
124.93330	2.18658e-19
124.96670	2.05940e-19
125.00000	1.91860e-19
125.03330	1.86741e-19
125.06670	1.84983e-19
125.10000	1.91771e-19
125.13330	2.02047e-19
125.16670	2.08990e-19
125.20000	2.12720e-19
125.23330	2.15369e-19
125.26670	2.17731e-19
125.30000	2.15995e-19
125.33330	2.08453e-19
125.36670	1.98858e-19
125.40000	1.82969e-19
125.43330	1.68247e-19
125.46670	1.56453e-19
125.50000	1.49788e-19
125.53330	1.46212e-19
125.56670	1.48775e-19
125.60000	1.51384e-19
125.63330	1.54421e-19
125.66670	1.57725e-19
125.70000	1.65912e-19
125.73330	1.75442e-19
125.76670	1.89963e-19
125.80000	2.11308e-19
125.83330	2.36556e-19
125.86670	2.63748e-19
125.90000	2.86668e-19
125.93330	3.00581e-19
125.96670	3.08155e-19
126.00000	3.08190e-19
126.03330	3.07295e-19
126.06670	3.02662e-19
126.10000	2.98454e-19
126.13330	2.96425e-19
126.16670	3.01126e-19
126.20000	3.08120e-19
126.23330	3.12789e-19
126.26670	3.11684e-19
126.30000	3.01776e-19
126.33330	2.86427e-19
126.36670	2.68667e-19
126.40000	2.48134e-19
126.43330	2.30916e-19
126.46670	2.14202e-19
126.50000	1.95285e-19
126.53330	1.83551e-19
126.56670	1.75981e-19
126.60000	1.72149e-19
126.63330	1.73837e-19
126.66670	1.78578e-19
126.70000	1.87569e-19
126.73330	2.03603e-19
126.76670	2.23300e-19
126.80000	2.58103e-19
126.83330	2.98369e-19
126.86670	3.45537e-19
126.90000	3.98730e-19
126.93330	4.16628e-19
126.96670	4.19788e-19
127.00000	4.03287e-19
127.03330	3.86475e-19
127.06670	3.81746e-19
127.10000	3.86688e-19
127.13330	4.08931e-19
127.16670	4.35347e-19
127.20000	4.60722e-19
127.23330	4.76349e-19
127.26670	4.75363e-19
127.30000	4.37743e-19
127.33330	4.02437e-19
127.36670	3.62242e-19
127.40000	3.33151e-19
127.43330	3.03102e-19
127.46670	2.78436e-19
127.50000	2.53271e-19
127.53330	2.34796e-19
127.56670	2.27158e-19
127.60000	2.21521e-19
127.63330	2.19535e-19
127.66670	2.21796e-19
127.70000	2.32705e-19
127.73330	2.48302e-19
127.76670	2.67087e-19
127.80000	2.97366e-19
127.83330	3.31830e-19
127.86670	3.70540e-19
127.90000	4.26495e-19
127.93330	5.09898e-19
127.96670	5.86617e-19
128.00000	6.25203e-19
128.03330	6.15134e-19
128.06670	5.59328e-19
128.10000	5.22587e-19
128.13330	4.95533e-19
128.16670	4.83397e-19
128.20000	4.85806e-19
128.23330	5.04516e-19
128.26670	5.31761e-19
128.30000	5.51971e-19
128.33330	5.52854e-19
128.36670	5.32024e-19
128.40000	5.00621e-19
128.43330	4.59153e-19
128.46670	4.15272e-19
128.50000	3.81739e-19
128.53330	3.49736e-19
128.56670	3.29106e-19
128.60000	3.11907e-19
128.63330	2.98218e-19
128.66670	2.89658e-19
128.70000	2.83063e-19
128.73330	2.83729e-19
128.76670	2.88534e-19
128.80000	2.96258e-19
128.83330	3.14503e-19
128.86670	3.45733e-19
128.90000	3.82255e-19
128.93330	4.39788e-19
128.96670	5.17334e-19
129.00000	6.39764e-19
129.03330	7.77120e-19
129.06670	8.67668e-19
129.10000	8.92142e-19
129.13330	8.43505e-19
129.16670	7.90703e-19
129.20000	7.23650e-19
129.23330	6.68416e-19
129.26670	6.38565e-19
129.30000	6.21414e-19
129.33330	6.14768e-19
129.36670	6.04609e-19
129.40000	5.92000e-19
129.43330	5.77070e-19
129.46670	5.53896e-19
129.50000	5.26748e-19
129.53330	4.94662e-19
129.56670	4.58150e-19
129.60000	4.28698e-19
129.63330	4.05594e-19
129.66670	3.81080e-19
129.70000	3.60088e-19
129.73330	3.40751e-19
129.76670	3.29769e-19
129.80000	3.27085e-19
129.83330	3.29742e-19
129.86670	3.38342e-19
129.90000	3.47495e-19
129.93330	3.65061e-19
129.96670	3.95345e-19
130.00000	4.47513e-19
130.03330	5.24745e-19
130.06670	6.65169e-19
130.10000	8.22405e-19
130.13330	9.75434e-19
130.16670	1.08327e-18
130.20000	1.14518e-18
130.23330	1.13818e-18
130.26670	1.07671e-18
130.30000	9.53793e-19
130.33330	8.60040e-19
130.36670	7.85543e-19
130.40000	7.43610e-19
130.43330	7.16438e-19
130.46670	6.97417e-19
130.50000	6.78832e-19
130.53330	6.55769e-19
130.56670	6.30656e-19
130.60000	6.02951e-19
130.63330	5.68604e-19
130.66670	5.39627e-19
130.70000	5.09730e-19
130.73330	4.77079e-19
130.76670	4.47128e-19
130.80000	4.23351e-19
130.83330	4.01735e-19
130.86670	3.90433e-19
130.90000	3.88135e-19
130.93330	3.86295e-19
130.96670	3.93716e-19
131.00000	4.07707e-19
131.03330	4.27330e-19
131.06670	4.54965e-19
131.10000	4.96216e-19
131.13330	5.50543e-19
131.16670	6.37672e-19
131.20000	7.60260e-19
131.23330	9.30042e-19
131.26670	1.10508e-18
131.30000	1.19109e-18
131.33330	1.17398e-18
131.36670	1.09597e-18
131.40000	1.00142e-18
131.43330	9.28569e-19
131.46670	8.93442e-19
131.50000	8.76717e-19
131.53330	8.77977e-19
131.56670	8.82038e-19
131.60000	8.76670e-19
131.63330	8.52533e-19
131.66670	8.18199e-19
131.70000	7.67491e-19
131.73330	7.32560e-19
131.76670	7.00939e-19
131.80000	6.68523e-19
131.83330	6.37035e-19
131.86670	5.95862e-19
131.90000	5.47414e-19
131.93330	5.11388e-19
131.96670	4.72605e-19
132.00000	4.48036e-19
132.03330	4.34053e-19
132.06670	4.26864e-19
132.10000	4.33474e-19
132.13330	4.50581e-19
132.16670	4.78619e-19
132.20000	5.22795e-19
132.23330	5.75252e-19
132.26670	6.49079e-19
132.30000	7.49856e-19
132.33330	8.55215e-19
132.36670	9.64800e-19
132.40000	1.06095e-18
132.43330	1.09524e-18
132.46670	1.07871e-18
132.50000	1.01492e-18
132.53330	9.41072e-19
132.56670	8.87959e-19
132.60000	8.54623e-19
132.63330	8.58619e-19
132.66670	8.71747e-19
132.70000	8.87687e-19
132.73330	8.83195e-19
132.76670	8.61839e-19
132.80000	8.33361e-19
132.83330	8.06342e-19
132.86670	7.87579e-19
132.90000	7.65246e-19
132.93330	7.24716e-19
132.96670	6.65841e-19
133.00000	6.13775e-19
133.03330	5.74585e-19
133.06670	5.39138e-19
133.10000	5.19690e-19
133.13330	5.08626e-19
133.16670	5.02689e-19
133.20000	5.07843e-19
133.23330	5.19354e-19
133.26670	5.40667e-19
133.30000	5.72595e-19
133.33330	6.28446e-19
133.36670	7.02144e-19
133.40000	8.18772e-19
133.43330	9.22948e-19
133.46670	1.00211e-18
133.50000	1.05646e-18
133.53330	1.05625e-18
133.56670	1.01489e-18
133.60000	9.63184e-19
133.63330	9.12203e-19
133.66670	8.66528e-19
133.70000	8.31687e-19
133.73330	8.05358e-19
133.76670	7.71770e-19
133.80000	7.49868e-19
133.83330	7.35521e-19
133.86670	7.51453e-19
133.90000	7.76909e-19
133.93330	8.06277e-19
133.96670	8.18625e-19
134.00000	7.86548e-19
134.03330	7.30004e-19
134.06670	6.70237e-19
134.10000	6.19448e-19
134.13330	5.76639e-19
134.16670	5.38408e-19
134.20000	5.21964e-19
134.23330	5.08472e-19
134.26670	5.00915e-19
134.30000	4.98736e-19
134.33330	4.94750e-19
134.36670	4.96879e-19
134.40000	5.07387e-19
134.43330	5.22864e-19
134.46670	5.54632e-19
134.50000	5.94615e-19
134.53330	6.38186e-19
134.56670	6.95908e-19
134.60000	7.54954e-19
134.63330	8.06490e-19
134.66670	8.63455e-19
134.70000	9.48759e-19
134.73330	1.06426e-18
134.76670	1.18745e-18
134.80000	1.24453e-18
134.83330	1.21712e-18
134.86670	1.07024e-18
134.90000	9.07906e-19
134.93330	7.94865e-19
134.96670	7.06005e-19
135.00000	6.34974e-19
135.03330	6.14536e-19
135.06670	6.04347e-19
135.10000	6.01212e-19
135.13330	5.96273e-19
135.16670	5.80484e-19
135.20000	5.63904e-19
135.23330	5.48133e-19
135.26670	5.35814e-19
135.30000	5.28432e-19
135.33330	5.26058e-19
135.36670	5.19834e-19
135.40000	5.14603e-19
135.43330	5.07860e-19
135.46670	5.02369e-19
135.50000	4.94951e-19
135.53330	4.94876e-19
135.56670	4.93119e-19
135.60000	4.94948e-19
135.63330	5.01023e-19
135.66670	5.10305e-19
135.70000	5.26955e-19
135.73330	5.59037e-19
135.76670	5.97220e-19
135.80000	6.56101e-19
135.83330	7.36552e-19
135.86670	8.20032e-19
135.90000	9.07514e-19
135.93330	9.53145e-19
135.96670	9.74372e-19
136.00000	9.59298e-19
136.03330	9.18267e-19
136.06670	8.55040e-19
136.10000	7.83205e-19
136.13330	7.01794e-19
136.16670	6.38850e-19
136.20000	6.01138e-19
136.23330	5.73875e-19
136.26670	5.50070e-19
136.30000	5.31422e-19
136.33330	5.25064e-19
136.36670	5.20403e-19
136.40000	5.17912e-19
136.43330	5.22722e-19
136.46670	5.28470e-19
136.50000	5.29317e-19
136.53330	5.22825e-19
136.56670	5.13444e-19
136.60000	5.06422e-19
136.63330	5.10466e-19
136.66670	5.15200e-19
136.70000	5.27208e-19
136.73330	5.41554e-19
136.76670	5.73383e-19
136.80000	6.02600e-19
136.83330	6.36957e-19
136.86670	6.62303e-19
136.90000	6.77481e-19
136.93330	6.84300e-19
136.96670	6.74525e-19
137.00000	6.60025e-19
137.03330	6.33538e-19
137.06670	6.10631e-19
137.10000	5.89990e-19
137.13330	5.64560e-19
137.16670	5.44812e-19
137.20000	5.28395e-19
137.23330	5.22007e-19
137.26670	5.18353e-19
137.30000	5.16758e-19
137.33330	5.11694e-19
137.36670	4.98932e-19
137.40000	4.90436e-19
137.43330	4.84849e-19
137.46670	4.79813e-19
137.50000	4.77510e-19
137.53330	4.77385e-19
137.56670	4.75489e-19
137.60000	4.77306e-19
137.63330	4.78759e-19
137.66670	4.84293e-19
137.70000	4.86083e-19
137.73330	4.87131e-19
137.76670	4.95143e-19
137.80000	5.06856e-19
137.83330	5.33196e-19
137.86670	5.66019e-19
137.90000	6.17169e-19
137.93330	6.61460e-19
137.96670	6.82948e-19
138.00000	6.86895e-19
138.03330	6.54457e-19
138.06670	6.15247e-19
138.10000	5.72370e-19
138.13330	5.32294e-19
138.16670	5.08816e-19
138.20000	4.89997e-19
138.23330	4.80210e-19
138.26670	4.75850e-19
138.30000	4.78757e-19
138.33330	4.87496e-19
138.36670	4.95248e-19
138.40000	5.02547e-19
138.43330	5.05204e-19
138.46670	5.10994e-19
138.50000	5.12157e-19
138.53330	5.11663e-19
138.56670	5.07969e-19
138.60000	4.99849e-19
138.63330	4.89216e-19
138.66670	4.76669e-19
138.70000	4.67033e-19
138.73330	4.58706e-19
138.76670	4.51294e-19
138.80000	4.48903e-19
138.83330	4.46034e-19
138.86670	4.48804e-19
138.90000	4.59924e-19
138.93330	4.72825e-19
138.96670	4.86528e-19
139.00000	4.92869e-19
139.03330	4.98857e-19
139.06670	4.95860e-19
139.10000	4.94874e-19
139.13330	4.96707e-19
139.16670	4.95066e-19
139.20000	4.99288e-19
139.23330	5.05739e-19
139.26670	5.15689e-19
139.30000	5.26427e-19
139.33330	5.33992e-19
139.36670	5.34212e-19
139.40000	5.28346e-19
139.43330	5.20201e-19
139.46670	5.06100e-19
139.50000	4.94400e-19
139.53330	4.79341e-19
139.56670	4.67371e-19
139.60000	4.55311e-19
139.63330	4.43765e-19
139.66670	4.36703e-19
139.70000	4.38719e-19
139.73330	4.48303e-19
139.76670	4.60534e-19
139.80000	4.70726e-19
139.83330	4.77152e-19
139.86670	4.82057e-19
139.90000	4.89613e-19
139.93330	4.97494e-19
139.96670	5.01992e-19
140.00000	5.08727e-19
140.03330	5.10634e-19
140.06670	5.18691e-19
140.10000	5.27695e-19
140.13330	5.37256e-19
140.16670	5.44623e-19
140.20000	5.50253e-19
140.23330	5.54485e-19
140.26670	5.54108e-19
140.30000	5.48531e-19
140.33330	5.38086e-19
140.36670	5.25459e-19
140.40000	5.13334e-19
140.43330	4.99717e-19
140.46670	4.87495e-19
140.50000	4.78280e-19
140.53330	4.71532e-19
140.56670	4.68985e-19
140.60000	4.68061e-19
140.63330	4.69225e-19
140.66670	4.70976e-19
140.70000	4.72091e-19
140.73330	4.77298e-19
140.76670	4.82950e-19
140.80000	4.91907e-19
140.83330	4.98128e-19
140.86670	5.01444e-19
140.90000	5.06326e-19
140.93330	5.14393e-19
140.96670	5.21920e-19
141.00000	5.31254e-19
141.03330	5.40315e-19
141.06670	5.49290e-19
141.10000	5.57702e-19
141.13330	5.63915e-19
141.16670	5.65629e-19
141.20000	5.58913e-19
141.23330	5.45341e-19
141.26670	5.36200e-19
141.30000	5.30784e-19
141.33330	5.25796e-19
141.36670	5.25164e-19
141.40000	5.18456e-19
141.43330	5.11375e-19
141.46670	5.06080e-19
141.50000	5.06105e-19
141.53330	5.10844e-19
141.56670	5.19062e-19
141.60000	5.21169e-19
141.63330	5.19179e-19
141.66670	5.16216e-19
141.70000	5.20656e-19
141.73330	5.26739e-19
141.76670	5.33359e-19
141.80000	5.32743e-19
141.83330	5.24582e-19
141.86670	5.11103e-19
141.90000	4.93595e-19
141.93330	4.85517e-19
141.96670	4.79753e-19
142.00000	4.78336e-19
142.03330	4.76715e-19
142.06670	4.85621e-19
142.10000	4.99098e-19
142.13330	5.22385e-19
142.16670	5.37450e-19
142.20000	5.52148e-19
142.23330	5.62159e-19
142.26670	5.68255e-19
142.30000	5.68703e-19
142.33330	5.67858e-19
142.36670	5.71176e-19
142.40000	5.71797e-19
142.43330	5.72896e-19
142.46670	5.71181e-19
142.50000	5.71916e-19
142.53330	5.74851e-19
142.56670	5.71958e-19
142.60000	5.65529e-19
142.63330	5.56104e-19
142.66670	5.41734e-19
142.70000	5.25831e-19
142.73330	5.10985e-19
142.76670	5.04688e-19
142.80000	4.96839e-19
142.83330	4.91562e-19
142.86670	4.87339e-19
142.90000	4.78614e-19
142.93330	4.71603e-19
142.96670	4.67135e-19
143.00000	4.68433e-19
143.03330	4.80517e-19
143.06670	4.93946e-19
143.10000	5.08600e-19
143.13330	5.22031e-19
143.16670	5.38469e-19
143.20000	5.49701e-19
143.23330	5.58915e-19
143.26670	5.67890e-19
143.30000	5.67858e-19
143.33330	5.68596e-19
143.36670	5.72728e-19
143.40000	5.77818e-19
143.43330	5.82634e-19
143.46670	5.87388e-19
143.50000	5.90321e-19
143.53330	5.93900e-19
143.56670	5.93638e-19
143.60000	5.93623e-19
143.63330	5.82867e-19
143.66670	5.73475e-19
143.70000	5.66144e-19
143.73330	5.53115e-19
143.76670	5.36867e-19
143.80000	5.20034e-19
143.83330	5.00925e-19
143.86670	4.84047e-19
143.90000	4.72586e-19
143.93330	4.69938e-19
143.96670	4.71602e-19
144.00000	4.76607e-19
144.03330	4.79722e-19
144.06670	4.84277e-19
144.10000	4.88308e-19
144.13330	4.92537e-19
144.16670	5.03013e-19
144.20000	5.15773e-19
144.23330	5.31614e-19
144.26670	5.46436e-19
144.30000	5.53979e-19
144.33330	5.56557e-19
144.36670	5.55398e-19
144.40000	5.52738e-19
144.43330	5.56450e-19
144.46670	5.61709e-19
144.50000	5.68776e-19
144.53330	5.82331e-19
144.56670	5.93507e-19
144.60000	6.04058e-19
144.63330	6.10571e-19
144.66670	6.13027e-19
144.70000	6.04352e-19
144.73330	5.95568e-19
144.76670	5.83371e-19
144.80000	5.61676e-19
144.83330	5.43028e-19
144.86670	5.27686e-19
144.90000	5.09008e-19
144.93330	4.91218e-19
144.96670	4.91103e-19
145.00000	4.96174e-19
145.03330	5.03548e-19
145.06670	5.11789e-19
145.10000	5.16536e-19
145.13330	5.12085e-19
145.16670	5.00047e-19
145.20000	4.90661e-19
145.23330	4.84787e-19
145.26670	4.88926e-19
145.30000	4.92766e-19
145.33330	4.98304e-19
145.36670	4.99880e-19
145.40000	4.99836e-19
145.43330	4.96368e-19
145.46670	4.98581e-19
145.50000	5.11071e-19
145.53330	5.26748e-19
145.56670	5.45318e-19
145.60000	5.74068e-19
145.63330	6.03724e-19
145.66670	6.21167e-19
145.70000	6.27554e-19
145.73330	6.30788e-19
145.76670	6.28977e-19
145.80000	6.24334e-19
145.83330	6.19448e-19
145.86670	6.04775e-19
145.90000	5.82858e-19
145.93330	5.65699e-19
145.96670	5.45353e-19
146.00000	5.28207e-19
146.03330	5.18802e-19
146.06670	5.07819e-19
146.10000	4.95080e-19
146.13330	4.77880e-19
146.16670	4.62008e-19
146.20000	4.49757e-19
146.23330	4.43416e-19
146.26670	4.41063e-19
146.30000	4.43622e-19
146.33330	4.44929e-19
146.36670	4.49632e-19
146.40000	4.51779e-19
146.43330	4.62836e-19
146.46670	4.81129e-19
146.50000	5.03069e-19
146.53330	5.26222e-19
146.56670	5.44647e-19
146.60000	5.59231e-19
146.63330	5.72185e-19
146.66670	5.90063e-19
146.70000	6.04326e-19
146.73330	6.17345e-19
146.76670	6.21446e-19
146.80000	6.17530e-19
146.83330	6.04755e-19
146.86670	5.84018e-19
146.90000	5.63563e-19
146.93330	5.38618e-19
146.96670	5.30573e-19
147.00000	5.25703e-19
147.03330	5.23749e-19
147.06670	5.19180e-19
147.10000	5.09247e-19
147.13330	4.90755e-19
147.16670	4.81511e-19
147.20000	4.71924e-19
147.23330	4.66907e-19
147.26670	4.70698e-19
147.30000	4.77933e-19
147.33330	4.84538e-19
147.36670	4.90258e-19
147.40000	4.93493e-19
147.43330	4.95513e-19
147.46670	4.96711e-19
147.50000	4.95350e-19
147.53330	4.92779e-19
147.56670	4.94861e-19
147.60000	5.03211e-19
147.63330	5.13844e-19
147.66670	5.19409e-19
147.70000	5.12305e-19
147.73330	5.07532e-19
147.76670	5.05453e-19
147.80000	5.00764e-19
147.83330	5.01358e-19
147.86670	5.00415e-19
147.90000	4.99829e-19
147.93330	5.06337e-19
147.96670	5.16791e-19
148.00000	5.31576e-19
148.03330	5.50494e-19
148.06670	5.60317e-19
148.10000	5.61870e-19
148.13330	5.53353e-19
148.16670	5.40187e-19
148.20000	5.23563e-19
148.23330	5.10516e-19
148.26670	4.95557e-19
148.30000	4.85529e-19
148.33330	4.86947e-19
148.36670	4.89872e-19
148.40000	4.92876e-19
148.43330	4.95369e-19
148.46670	4.90550e-19
148.50000	4.81069e-19
148.53330	4.64388e-19
148.56670	4.56903e-19
148.60000	4.58061e-19
148.63330	4.62469e-19
148.66670	4.70623e-19
148.70000	4.74720e-19
148.73330	4.77877e-19
148.76670	4.73431e-19
148.80000	4.67054e-19
148.83330	4.59475e-19
148.86670	4.53815e-19
148.90000	4.42664e-19
148.93330	4.35614e-19
148.96670	4.36349e-19
149.00000	4.46943e-19
149.03330	4.63800e-19
149.06670	4.80129e-19
149.10000	4.91400e-19
149.13330	5.05960e-19
149.16670	5.17944e-19
149.20000	5.18263e-19
149.23330	5.12497e-19
149.26670	5.00185e-19
149.30000	4.91432e-19
149.33330	4.97123e-19
149.36670	5.04619e-19
149.40000	5.11781e-19
149.43330	5.15627e-19
149.46670	5.15046e-19
149.50000	5.15134e-19
149.53330	5.12027e-19
149.56670	5.08925e-19
149.60000	5.02503e-19
149.63330	4.92460e-19
149.66670	4.75736e-19
149.70000	4.54046e-19
149.73330	4.36753e-19
149.76670	4.23312e-19
149.80000	4.15101e-19
149.83330	4.11080e-19
149.86670	4.03323e-19
149.90000	3.91696e-19
149.93330	3.76410e-19
149.96670	3.65976e-19
150.00000	3.57755e-19
150.03330	3.67182e-19
150.06670	3.78195e-19
150.10000	3.92227e-19
150.13330	4.10577e-19
150.16670	4.31942e-19
150.20000	4.48497e-19
150.23330	4.66995e-19
150.26670	4.83667e-19
150.30000	4.98809e-19
150.33330	5.13810e-19
150.36670	5.24233e-19
150.40000	5.28794e-19
150.43330	5.25675e-19
150.46670	5.11618e-19
150.50000	4.99291e-19
150.53330	4.88193e-19
150.56670	4.79767e-19
150.60000	4.68762e-19
150.63330	4.57921e-19
150.66670	4.47473e-19
150.70000	4.42163e-19
150.73330	4.39604e-19
150.76670	4.33771e-19
150.80000	4.23565e-19
150.83330	4.10878e-19
150.86670	3.95484e-19
150.90000	3.80817e-19
150.93330	3.70382e-19
150.96670	3.62291e-19
151.00000	3.63283e-19
151.03330	3.70761e-19
151.06670	3.75638e-19
151.10000	3.78017e-19
151.13330	3.77192e-19
151.16670	3.65969e-19
151.20000	3.60179e-19
151.23330	3.59870e-19
151.26670	3.68686e-19
151.30000	3.85353e-19
151.33330	4.08536e-19
151.36670	4.25731e-19
151.40000	4.39574e-19
151.43330	4.42972e-19
151.46670	4.45159e-19
151.50000	4.48322e-19
151.53330	4.51533e-19
151.56670	4.52854e-19
151.60000	4.53228e-19
151.63330	4.52426e-19
151.66670	4.46538e-19
151.70000	4.42272e-19
151.73330	4.32385e-19
151.76670	4.26388e-19
151.80000	4.26356e-19
151.83330	4.33032e-19
151.86670	4.41555e-19
151.90000	4.41353e-19
151.93330	4.33543e-19
151.96670	4.14098e-19
152.00000	3.81295e-19
152.03330	3.50269e-19
152.06670	3.33979e-19
152.10000	3.24370e-19
152.13330	3.21850e-19
152.16670	3.26568e-19
152.20000	3.36286e-19
152.23330	3.44585e-19
152.26670	3.48603e-19
152.30000	3.50731e-19
152.33330	3.51656e-19
152.36670	3.44512e-19
152.40000	3.46986e-19
152.43330	3.56173e-19
152.46670	3.65603e-19
152.50000	3.73919e-19
152.53330	3.76545e-19
152.56670	3.76566e-19
152.60000	3.73539e-19
152.63330	3.68164e-19
152.66670	3.65238e-19
152.70000	3.64053e-19
152.73330	3.71359e-19
152.76670	3.80611e-19
152.80000	3.88642e-19
152.83330	3.91141e-19
152.86670	3.91640e-19
152.90000	3.94797e-19
152.93330	3.99402e-19
152.96670	3.92408e-19
153.00000	3.84274e-19
153.03330	3.82268e-19
153.06670	3.78487e-19
153.10000	3.78097e-19
153.13330	3.85599e-19
153.16670	3.81091e-19
153.20000	3.74242e-19
153.23330	3.59448e-19
153.26670	3.51078e-19
153.30000	3.41653e-19
153.33330	3.33790e-19
153.36670	3.20358e-19
153.40000	3.10773e-19
153.43330	3.00937e-19
153.46670	2.99358e-19
153.50000	3.07644e-19
153.53330	3.11506e-19
153.56670	3.11951e-19
153.60000	3.11293e-19
153.63330	3.05196e-19
153.66670	2.93984e-19
153.70000	2.88719e-19
153.73330	2.92384e-19
153.76670	2.97066e-19
153.80000	3.02355e-19
153.83330	3.11257e-19
153.86670	3.25314e-19
153.90000	3.34619e-19
153.93330	3.39721e-19
153.96670	3.36911e-19
154.00000	3.31899e-19
154.03330	3.35764e-19
154.06670	3.43917e-19
154.10000	3.53033e-19
154.13330	3.64554e-19
154.16670	3.63253e-19
154.20000	3.63499e-19
154.23330	3.61172e-19
154.26670	3.55656e-19
154.30000	3.36680e-19
154.33330	3.24885e-19
154.36670	3.13404e-19
154.40000	3.03219e-19
154.43330	2.93385e-19
154.46670	2.86106e-19
154.50000	2.86237e-19
154.53330	2.91707e-19
154.56670	3.00838e-19
154.60000	3.08910e-19
154.63330	3.18561e-19
154.66670	3.22846e-19
154.70000	3.17828e-19
154.73330	3.04001e-19
154.76670	2.87867e-19
154.80000	2.73634e-19
154.83330	2.55863e-19
154.86670	2.51907e-19
154.90000	2.48157e-19
154.93330	2.51312e-19
154.96670	2.58275e-19
155.00000	2.62888e-19
155.03330	2.62707e-19
155.06670	2.58036e-19
155.10000	2.54499e-19
155.13330	2.50235e-19
155.16670	2.43542e-19
155.20000	2.47753e-19
155.23330	2.57524e-19
155.26670	2.78142e-19
155.30000	2.97986e-19
155.33330	3.14190e-19
155.36670	3.20644e-19
155.40000	3.26975e-19
155.43330	3.25007e-19
155.46670	3.17050e-19
155.50000	3.05971e-19
155.53330	2.91926e-19
155.56670	2.73878e-19
155.60000	2.64066e-19
155.63330	2.58967e-19
155.66670	2.59839e-19
155.70000	2.65695e-19
155.73330	2.70438e-19
155.76670	2.82371e-19
155.80000	2.91469e-19
155.83330	2.88947e-19
155.86670	2.80815e-19
155.90000	2.74086e-19
155.93330	2.58224e-19
155.96670	2.48885e-19
156.00000	2.39719e-19
156.03330	2.37512e-19
156.06670	2.39523e-19
156.10000	2.37943e-19
156.13330	2.31449e-19
156.16670	2.27584e-19
156.20000	2.22983e-19
156.23330	2.20981e-19
156.26670	2.22276e-19
156.30000	2.23077e-19
156.33330	2.22542e-19
156.36670	2.20705e-19
156.40000	2.22855e-19
156.43330	2.21913e-19
156.46670	2.31355e-19
156.50000	2.36981e-19
156.53330	2.34805e-19
156.56670	2.29477e-19
156.60000	2.17723e-19
156.63330	2.16224e-19
156.66670	2.19276e-19
156.70000	2.28667e-19
156.73330	2.34959e-19
156.76670	2.32325e-19
156.80000	2.25808e-19
156.83330	2.20001e-19
156.86670	2.16938e-19
156.90000	2.17180e-19
156.93330	2.34203e-19
156.96670	2.44432e-19
157.00000	2.62675e-19
157.03330	2.74786e-19
157.06670	2.76131e-19
157.10000	2.56808e-19
157.13330	2.45726e-19
157.16670	2.43318e-19
157.20000	2.48858e-19
157.23330	2.48292e-19
157.26670	2.39647e-19
157.30000	2.26995e-19
157.33330	2.08656e-19
157.36670	1.91086e-19
157.40000	1.78111e-19
157.43330	1.71061e-19
157.46670	1.72445e-19
157.50000	1.77834e-19
157.53330	1.85665e-19
157.56670	1.86511e-19
157.60000	1.88892e-19
157.63330	1.86130e-19
157.66670	1.80928e-19
157.70000	1.69415e-19
157.73330	1.69776e-19
157.76670	1.69140e-19
157.80000	1.70334e-19
157.83330	1.72727e-19
157.86670	1.74017e-19
157.90000	1.74301e-19
157.93330	1.74625e-19
157.96670	1.78669e-19
158.00000	1.82205e-19
158.03330	1.87937e-19
158.06670	1.92758e-19
158.10000	1.94576e-19
158.13330	1.95799e-19
158.16670	1.90794e-19
158.20000	1.85754e-19
158.23330	1.75675e-19
158.26670	1.75134e-19
158.30000	1.80283e-19
158.33330	1.88519e-19
158.36670	2.02163e-19
158.40000	2.18334e-19
158.43330	2.19170e-19
158.46670	2.17793e-19
158.50000	2.10576e-19
158.53330	2.03344e-19
158.56670	1.99633e-19
158.60000	1.94880e-19
158.63330	1.89542e-19
158.66670	1.84615e-19
158.70000	1.75739e-19
158.73330	1.70928e-19
158.76670	1.65974e-19
158.80000	1.63464e-19
158.83330	1.61760e-19
158.86670	1.61167e-19
158.90000	1.61211e-19
158.93330	1.60507e-19
158.96670	1.56332e-19
159.00000	1.49391e-19
159.03330	1.42545e-19
159.06670	1.34976e-19
159.10000	1.32124e-19
159.13330	1.31359e-19
159.16670	1.32496e-19
159.20000	1.30443e-19
159.23330	1.27140e-19
159.26670	1.22063e-19
159.30000	1.18444e-19
159.33330	1.18035e-19
159.36670	1.19115e-19
159.40000	1.25708e-19
159.43330	1.34091e-19
159.46670	1.42163e-19
159.50000	1.51876e-19
159.53330	1.62042e-19
159.56670	1.70880e-19
159.60000	1.79540e-19
159.63330	1.85318e-19
159.66670	1.87175e-19
159.70000	1.85042e-19
159.73330	1.79773e-19
159.76670	1.73085e-19
159.80000	1.63941e-19
159.83330	1.52026e-19
159.86670	1.43473e-19
159.90000	1.41317e-19
159.93330	1.41196e-19
159.96670	1.44690e-19
160.00000	1.49601e-19
160.03330	1.52855e-19
160.06670	1.55120e-19
160.10000	1.52739e-19
160.13330	1.46004e-19
160.16670	1.39390e-19
160.20000	1.32595e-19
160.23330	1.23601e-19
160.26670	1.15574e-19
160.30000	1.11647e-19
160.33330	1.08433e-19
160.36670	1.08107e-19
160.40000	1.09265e-19
160.43330	1.13568e-19
160.46670	1.19334e-19
160.50000	1.25424e-19
160.53330	1.31507e-19
160.56670	1.30681e-19
160.60000	1.24001e-19
160.63330	1.13108e-19
160.66670	1.04482e-19
160.70000	9.71873e-20
160.73330	9.10397e-20
160.76670	9.05087e-20
160.80000	9.22483e-20
160.83330	9.50972e-20
160.86670	9.87887e-20
160.90000	1.06101e-19
160.93330	1.13105e-19
160.96670	1.20048e-19
161.00000	1.26642e-19
161.03330	1.29612e-19
161.06670	1.27924e-19
161.10000	1.27700e-19
161.13330	1.27556e-19
161.16670	1.27476e-19
161.20000	1.26472e-19
161.23330	1.25546e-19
161.26670	1.23309e-19
161.30000	1.21439e-19
161.33330	1.21735e-19
161.36670	1.22257e-19
161.40000	1.22110e-19
161.43330	1.20038e-19
161.46670	1.17425e-19
161.50000	1.13424e-19
161.53330	1.08577e-19
161.56670	1.03860e-19
161.60000	1.01409e-19
161.63330	1.00151e-19
161.66670	9.65774e-20
161.70000	9.14461e-20
161.73330	8.69890e-20
161.76670	8.44414e-20
161.80000	8.52420e-20
161.83330	8.67927e-20
161.86670	8.76552e-20
161.90000	8.53020e-20
161.93330	8.18999e-20
161.96670	7.95721e-20
162.00000	8.12998e-20
162.03330	8.52367e-20
162.06670	8.87564e-20
162.10000	9.23702e-20
162.13330	9.53118e-20
162.16670	9.85476e-20
162.20000	9.70916e-20
162.23330	9.03831e-20
162.26670	8.21624e-20
162.30000	7.64354e-20
162.33330	7.35183e-20
162.36670	7.15390e-20
162.40000	7.20371e-20
162.43330	7.56154e-20
162.46670	8.09709e-20
162.50000	8.67224e-20
162.53330	9.10277e-20
162.56670	9.30020e-20
162.60000	9.26229e-20
162.63330	9.00462e-20
162.66670	8.52156e-20
162.70000	7.92629e-20
162.73330	7.64520e-20
162.76670	7.38517e-20
162.80000	7.72418e-20
162.83330	8.34595e-20
162.86670	8.94194e-20
162.90000	9.38261e-20
162.93330	9.65983e-20
162.96670	9.67088e-20
163.00000	9.49604e-20
163.03330	9.36758e-20
163.06670	8.94975e-20
163.10000	8.34689e-20
163.13330	7.78291e-20
163.16670	7.47928e-20
163.20000	7.10129e-20
163.23330	6.53794e-20
163.26670	6.32002e-20
163.30000	6.53476e-20
163.33330	6.65378e-20
163.36670	6.46207e-20
163.40000	6.29121e-20
163.43330	6.22187e-20
163.46670	6.12561e-20
163.50000	6.21699e-20
163.53330	6.22567e-20
163.56670	6.21908e-20
163.60000	6.14673e-20
163.63330	5.95290e-20
163.66670	5.75233e-20
163.70000	5.64969e-20
163.73330	5.69676e-20
163.76670	5.86553e-20
163.80000	6.14970e-20
163.83330	6.56904e-20
163.86670	6.87494e-20
163.90000	6.68490e-20
163.93330	6.17929e-20
163.96670	5.89567e-20
164.00000	5.78770e-20
164.03330	5.80171e-20
164.06670	5.64044e-20
164.10000	5.43510e-20
164.13330	5.49492e-20
164.16670	5.61278e-20
164.20000	5.66551e-20
164.23330	5.88811e-20
164.26670	6.21068e-20
164.30000	6.63262e-20
164.33330	6.89730e-20
164.36670	6.84860e-20
164.40000	6.59136e-20
164.43330	6.19659e-20
164.46670	5.78944e-20
164.50000	5.57136e-20
164.53330	5.65446e-20
164.56670	5.88876e-20
164.60000	6.26894e-20
164.63330	6.54564e-20
164.66670	6.49230e-20
164.70000	5.93848e-20
164.73330	5.40053e-20
164.76670	5.30605e-20
164.80000	5.43185e-20
164.83330	5.44046e-20
164.86670	5.30683e-20
164.90000	5.09877e-20
164.93330	4.80190e-20
164.96670	4.53541e-20
165.00000	4.36327e-20
165.03330	4.21798e-20
165.06670	4.07910e-20
165.10000	4.13662e-20
165.13330	4.45974e-20
165.16670	4.89666e-20
165.20000	4.91288e-20
165.23330	4.67008e-20
165.26670	4.36798e-20
165.30000	4.00516e-20
165.33330	3.73635e-20
165.36670	3.69144e-20
165.40000	3.73440e-20
165.43330	3.78273e-20
165.46670	3.81739e-20
165.50000	3.84116e-20
165.53330	4.05676e-20
165.56670	4.32272e-20
165.60000	4.54614e-20
165.63330	4.60792e-20
165.66670	4.58132e-20
165.70000	4.48941e-20
165.73330	4.41236e-20
165.76670	4.40543e-20
165.80000	4.42627e-20
165.83330	4.56732e-20
165.86670	4.59702e-20
165.90000	4.54535e-20
165.93330	4.71878e-20
165.96670	4.88384e-20
166.00000	4.78149e-20
166.03330	4.45048e-20
166.06670	4.18225e-20
166.10000	4.12404e-20
166.13330	4.17674e-20
166.16670	4.23786e-20
166.20000	4.22184e-20
166.23330	4.05286e-20
166.26670	3.79803e-20
166.30000	3.75197e-20
166.33330	3.84016e-20
166.36670	4.04923e-20
166.40000	3.82611e-20
166.43330	3.55537e-20
166.46670	3.39548e-20
166.50000	3.24568e-20
166.53330	3.02397e-20
166.56670	2.99167e-20
166.60000	2.94448e-20
166.63330	2.79457e-20
166.66670	2.62084e-20
166.70000	2.47525e-20
166.73330	2.45464e-20
166.76670	2.61163e-20
166.80000	2.89525e-20
166.83330	3.20185e-20
166.86670	3.38657e-20
166.90000	3.28839e-20
166.93330	3.11703e-20
166.96670	2.92224e-20
167.00000	2.79002e-20
167.03330	2.71265e-20
167.06670	2.72143e-20
167.10000	2.77054e-20
167.13330	2.87719e-20
167.16670	2.93797e-20
167.20000	2.81349e-20
167.23330	2.64929e-20
167.26670	2.45962e-20
167.30000	2.53336e-20
167.33330	2.74924e-20
167.36670	3.03117e-20
167.40000	3.15155e-20
167.43330	3.03049e-20
167.46670	3.04695e-20
167.50000	3.14080e-20
167.53330	3.13935e-20
167.56670	2.86801e-20
167.60000	2.93210e-20
167.63330	3.12661e-20
167.66670	3.24346e-20
167.70000	3.32515e-20
167.73330	3.30668e-20
167.76670	3.03999e-20
167.80000	2.69101e-20
167.83330	2.37446e-20
167.86670	2.14016e-20
167.90000	1.96117e-20
167.93330	2.01466e-20
167.96670	2.07210e-20
168.00000	2.05229e-20
168.03330	2.06725e-20
168.06670	2.02111e-20
168.10000	1.98928e-20
168.13330	1.94687e-20
168.16670	1.92584e-20
168.20000	2.08450e-20
168.23330	2.14456e-20
168.26670	2.09513e-20
168.30000	2.03418e-20
168.33330	1.83856e-20
168.36670	1.58747e-20
168.40000	1.55476e-20
168.43330	1.58792e-20
168.46670	1.54621e-20
168.50000	1.56373e-20
168.53330	1.68556e-20
168.56670	1.81162e-20
168.60000	2.03302e-20
168.63330	2.24841e-20
168.66670	2.36932e-20
168.70000	2.41211e-20
168.73330	2.31369e-20
168.76670	2.15102e-20
168.80000	1.82276e-20
168.83330	1.62041e-20
168.86670	1.51153e-20
168.90000	1.54790e-20
168.93330	1.57874e-20
168.96670	1.56957e-20
169.00000	1.62809e-20
169.03330	1.77585e-20
169.06670	1.94221e-20
169.10000	2.09644e-20
169.13330	2.22706e-20
169.16670	2.30327e-20
169.20000	2.27132e-20
169.23330	2.07059e-20
169.26670	1.98151e-20
169.30000	1.91479e-20
169.33330	1.88050e-20
169.36670	1.69515e-20
169.40000	1.55249e-20
169.43330	1.45472e-20
169.46670	1.37568e-20
169.50000	1.30663e-20
169.53330	1.38133e-20
169.56670	1.56126e-20
169.60000	1.72560e-20
169.63330	1.73574e-20
169.66670	1.62632e-20
169.70000	1.55692e-20
169.73330	1.44577e-20
169.76670	1.38464e-20
169.80000	1.35482e-20
169.83330	1.27647e-20
169.86670	1.22014e-20
169.90000	1.21477e-20
169.93330	1.09544e-20
169.96670	1.09166e-20
170.00000	1.12586e-20
170.03330	1.15343e-20
170.06670	1.15946e-20
170.10000	1.18760e-20
170.13330	1.20120e-20
170.16670	1.21015e-20
170.20000	1.30637e-20
170.23330	1.28226e-20
170.26670	1.24028e-20
170.30000	1.19696e-20
170.33330	1.25552e-20
170.36670	1.27105e-20
170.40000	1.23790e-20
170.43330	1.34155e-20
170.46670	1.54830e-20
170.50000	1.69103e-20
170.53330	1.69745e-20
170.56670	1.56886e-20
170.60000	1.35213e-20
170.63330	1.21182e-20
170.66670	1.16055e-20
170.70000	1.17942e-20
170.73330	1.21928e-20
170.76670	1.25171e-20
170.80000	1.28458e-20
170.83330	1.29679e-20
170.86670	1.30019e-20
170.90000	1.32244e-20
170.93330	1.29185e-20
170.96670	1.19466e-20
171.00000	1.07050e-20
171.03330	9.57547e-21
171.06670	9.43581e-21
171.10000	9.91814e-21
171.13330	1.04147e-20
171.16670	1.06740e-20
171.20000	9.97064e-21
171.23330	8.80731e-21
171.26670	8.10608e-21
171.30000	7.94267e-21
171.33330	7.98120e-21
171.36670	8.12609e-21
171.40000	8.43169e-21
171.43330	8.40468e-21
171.46670	8.48583e-21
171.50000	9.77269e-21
171.53330	9.73636e-21
171.56670	1.10307e-20
171.60000	1.16104e-20
171.63330	1.07718e-20
171.66670	9.20257e-21
171.70000	6.99734e-21
171.73330	6.03299e-21
171.76670	5.91727e-21
171.80000	5.67688e-21
171.83330	5.68852e-21
171.86670	6.73768e-21
171.90000	7.11118e-21
171.93330	8.39533e-21
171.96670	9.65095e-21
172.00000	1.06884e-20
172.03330	1.16343e-20
172.06670	1.00925e-20
172.10000	8.99715e-21
172.13330	8.16925e-21
172.16670	7.75074e-21
172.20000	7.73539e-21
172.23330	7.46318e-21
172.26670	7.21037e-21
172.30000	7.26473e-21
172.33330	7.91109e-21
172.36670	7.92466e-21
172.40000	8.18820e-21
172.43330	8.03538e-21
172.46670	8.00155e-21
172.50000	7.53226e-21
172.53330	7.80104e-21
172.56670	8.05594e-21
172.60000	7.71117e-21
172.63330	6.93651e-21
172.66670	5.95169e-21
172.70000	5.47801e-21
172.73330	5.28988e-21
172.76670	4.77987e-21
172.80000	4.87690e-21
172.83330	5.15575e-21
172.86670	5.58809e-21
172.90000	5.76178e-21
172.93330	5.38329e-21
172.96670	5.00528e-21
173.00000	4.44975e-21
173.03330	4.79858e-21
173.06670	5.37803e-21
173.10000	5.41801e-21
173.13330	4.89255e-21
173.16670	4.54752e-21
173.20000	4.68671e-21
173.23330	5.01140e-21
173.26670	4.43636e-21
173.30000	3.98673e-21
173.33330	4.78545e-21
173.36670	5.42498e-21
173.40000	6.19497e-21
173.43330	7.41518e-21
173.46670	7.73821e-21
173.50000	7.38801e-21
173.53330	6.20201e-21
173.56670	5.36344e-21
173.60000	4.52436e-21
173.63330	4.13583e-21
173.66670	4.02071e-21
173.70000	3.32860e-21
173.73330	3.92331e-21
173.76670	3.67163e-21
173.80000	4.30659e-21
173.83330	4.68352e-21
173.86670	4.82171e-21
173.90000	4.79885e-21
173.93330	5.15529e-21
173.96670	5.27209e-21
174.00000	4.84336e-21
174.03330	4.80111e-21
174.06670	5.06484e-21
174.10000	5.28294e-21
174.13330	5.46613e-21
174.16670	5.51797e-21
174.20000	4.98991e-21
174.23330	4.69168e-21
174.26670	4.60647e-21
174.30000	5.01626e-21
174.33330	4.91057e-21
174.36670	4.23464e-21
174.40000	3.38750e-21
174.43330	2.82125e-21
174.46670	2.94970e-21
174.50000	2.53888e-21
174.53330	2.75888e-21
174.56670	2.28193e-21
174.60000	2.24942e-21
174.63330	2.23997e-21
174.66670	2.70310e-21
174.70000	3.08728e-21
174.73330	2.89164e-21
174.76670	2.27667e-21
174.80000	2.47882e-21
174.83330	3.17701e-21
174.86670	3.40414e-21
174.90000	4.08757e-21
174.93330	4.44449e-21
174.96670	4.89251e-21
175.00000	3.95044e-21
175.03330	4.17952e-21
175.06670	3.78402e-21
175.10000	4.02938e-21
175.13330	3.94654e-21
175.16670	3.47939e-21
175.20000	3.04648e-21
175.23330	2.61820e-21
175.26670	2.06333e-21
175.30000	1.77550e-21
175.33330	1.98020e-21
175.36670	1.89628e-21
175.40000	2.17637e-21
175.43330	2.28998e-21
175.46670	2.72351e-21
175.50000	2.73001e-21
175.53330	2.31046e-21
175.56670	2.32672e-21
175.60000	2.89077e-21
175.63330	2.70359e-21
175.66670	2.17816e-21
175.70000	1.85673e-21
175.73330	1.67960e-21
175.76670	1.58843e-21
175.80000	1.93590e-21
175.83330	1.97237e-21
175.86670	2.15280e-21
175.90000	1.98054e-21
175.93330	2.05939e-21
175.96670	2.41177e-21
176.00000	2.98582e-21
176.03330	2.73665e-21
176.06670	2.61770e-21
176.10000	2.17534e-21
176.13330	1.93399e-21
176.16670	2.35477e-21
176.20000	1.58213e-21
176.23330	1.83534e-21
176.26670	2.05263e-21
176.30000	2.54672e-21
176.33330	1.82659e-21
176.36670	1.44822e-21
176.40000	1.42331e-21
176.43330	1.68729e-21
176.46670	1.91942e-21
176.50000	1.87049e-21
176.53330	1.82442e-21
176.56670	1.67636e-21
176.60000	1.43599e-21
176.63330	1.66429e-21
176.66670	1.35430e-21
176.70000	1.45927e-21
176.73330	1.06705e-21
176.76670	2.02026e-21
176.80000	2.01200e-21
176.83330	1.48582e-21
176.86670	2.00556e-21
176.90000	1.55459e-21
176.93330	1.72723e-21
176.96670	2.01208e-21
177.00000	1.46096e-21
177.03330	1.35734e-21
177.06670	1.40885e-21
177.10000	1.80118e-21
177.13330	1.89549e-21
177.16670	1.78211e-21
177.20000	1.38309e-21
177.23330	1.34835e-21
177.26670	1.90881e-21
177.30000	1.05598e-21
177.33330	9.60983e-22
177.36670	9.18607e-22
177.40000	1.14633e-21
177.43330	1.22178e-21
177.46670	1.39337e-21
177.50000	1.00961e-21
177.53330	1.25032e-21
177.56670	8.31401e-22
177.60000	1.01885e-21
177.63330	8.63528e-22
177.66670	8.57963e-22
177.70000	1.25320e-21
177.73330	1.34893e-21
177.76670	1.79845e-21
177.80000	1.49802e-21
177.83330	1.26406e-21
177.86670	1.34028e-21
177.90000	1.59910e-21
177.93330	1.39087e-21
177.96670	1.42930e-21
178.00000	2.05860e-21
178.03330	1.75127e-21
178.06670	2.03505e-21
178.10000	1.61679e-21
178.13330	2.14066e-21
178.16670	2.63167e-21
178.20000	2.10373e-21
178.23330	1.50613e-21
178.26670	1.51180e-21
178.30000	1.20757e-21
178.33330	1.42457e-21
178.36670	1.03934e-21
178.40000	1.45870e-21
178.43330	1.20917e-21
