  6.223	4.72e-19
  6.286	4.83e-19
  6.350	5.05e-19
  6.416	5.05e-19
  6.483	5.27e-19
  6.551	5.27e-19
  6.621	5.27e-19
  6.693	5.49e-19
  6.766	5.60e-19
  6.841	5.60e-19
  6.917	5.93e-19
  6.995	5.93e-19
  7.075	6.04e-19
  7.156	6.37e-19
  7.240	6.48e-19
  7.326	6.48e-19
  7.413	6.70e-19
  7.503	6.91e-19
  7.595	7.13e-19
  7.689	7.13e-19
  7.786	7.57e-19
  7.885	7.57e-19
  7.986	8.01e-19
  8.090	8.23e-19
  8.197	8.34e-19
  8.307	8.56e-19
  8.420	9.00e-19
  8.536	9.22e-19
  8.655	9.44e-19
  8.778	9.88e-19
  8.904	1.01e-18
  9.033	1.04e-18
  9.167	1.09e-18
  9.305	1.10e-18
  9.446	1.15e-18
  9.593	1.19e-18
  9.743	1.25e-18
  9.899	1.27e-18
 10.060	1.34e-18
 10.226	1.37e-18
 10.397	1.44e-18
 10.574	1.48e-18
 10.758	1.56e-18
 10.948	1.61e-18
 11.145	1.70e-18
 11.349	1.77e-18
 11.560	1.83e-18
 11.780	1.92e-18
 12.008	1.99e-18
 12.245	2.12e-18
 12.49	 2.23e-18
 12.62	 2.22e-18
 12.75	 2.34e-18
 12.88	 2.36e-18
 13.02	 2.37e-18
 13.16	 2.45e-18
 13.30	 2.54e-18
 13.44	 2.56e-18
 13.59	 2.63e-18
 13.74	 2.66e-18
 13.89	 2.83e-18
 14.05	 2.92e-18
 14.21	 2.97e-18
 14.38	 2.99e-18
 14.54	 3.16e-18
 14.72	 3.17e-18
 14.89	 3.24e-18
 15.07	 3.37e-18
 15.26	 3.49e-18
 15.45	 3.53e-18
 15.65	 3.71e-18
 15.85	 3.75e-18
 16.05	 3.86e-18
 16.26	 4.01e-18
 16.48	 4.03e-18
 16.70	 4.20e-18
 16.93	 4.29e-18
 17.16	 4.43e-18
 17.40	 4.57e-18
 17.65	 4.65e-18
 17.90	 4.86e-18
 18.17	 5.01e-18
 18.44	 5.11e-18
 18.72	 5.32e-18
 19.00	 5.55e-18
 19.39	 5.64e-18
 19.60	 5.92e-18
 19.92	 6.11e-18
 20.24	 6.34e-18
 20.58	 6.53e-18
 20.93	 6.75e-18
 21.29	 7.01e-18
 21.66	 7.31e-18
 22.04	 7.50e-18
 22.44	 7.77e-18
 22.85	 8.00e-18
 23.28	 8.39e-18
 23.73	 8.67e-18
 24.19	 8.93e-18
 24.67	 9.37e-18
 24.92	 9.48e-18
 25.17	 9.59e-18
 25.43	 9.59e-18
 25.70	 1.02e-17
 25.97	 1.01e-17
 26.24	 1.03e-17
 26.52	 1.05e-17
 26.81	 1.09e-17
 27.10	 1.108e-17
 27.40	 1.102e-17
 27.71	 1.123e-17
 28.02	 1.182e-17
 28.34	 1.181e-17
 28.67	 1.181e-17
 29.00	 1.235e-17
 29.35	 1.267e-17
 29.70	 1.258e-17
 30.06	 1.281e-17
 30.43	 1.282e-17
 30.80	 1.314e-17
 31.19	 1.348e-17
 31.59	 1.350e-17
 32.00	 1.383e-17
 32.41	 1.397e-17
 32.84	 1.419e-17
 33.28	 1.449e-17
 33.74	 1.465e-17
 34.20	 1.523e-17
 34.68	 1.550e-17
 35.17	 1.587e-17
 35.68	 1.614e-17
 36.20	 1.657e-17
 36.74	 1.691e-17
 37.29	 1.752e-17
 37.86	 1.782e-17
 38.45	 1.837e-17
 39.05	 1.904e-17
 39.68	 1.966e-17
 40.32	 1.995e-17
 40.99	 2.153e-17
 41.68	 2.215e-17
 42.39	 2.289e-17
 43.13	 2.359e-17
 43.89	 2.492e-17
 44.68	 2.553e-17
 45.50	 2.615e-17
 46.35	 2.750e-17
 47.23	 2.857e-17
 48.15	 2.920e-17
 49.10	 2.975e-17
 50.10	 3.030e-17
 51.13	 3.181e-17
 52.20	 3.276e-17
 53.33	3.300e-17
 54.50	3.388e-17
 55.72	3.474e-17
 57.00	3.543e-17
 58.35	 3.642e-17
 59.75	 3.648e-17
 61.23	 3.796e-17
 62.78	 3.847e-17
 64.41	 3.858e-17
 66.13	 3.928e-17
 67.94	 3.993e-17
 69.85	 3.914e-17
 71.88	 3.929e-17
 74.02	 3.936e-17
 76.30	 4.068e-17
 78.72	 4.276e-17
 81.30	 4.361e-17
 84.06	 3.863e-17
 87.01	 3.024e-17
 90.17	 3.378e-17
 93.57	 4.443e-17
 97.24	 4.026e-17
101.2	  2.220e-17
105.5	  1.759e-17
110.2	  1.690e-17
115.3	  1.644e-17
115.60	1.63e-17
115.93	1.76e-17
116.08	1.60e-17
116.27	1.48e-17
116.48	1.60e-17
116.69	1.74e-17
116.84	1.52e-17
116.95	1.34e-17
117.19	1.15e-17
117.35	1.55e-17
117.36	1.32e-17
117.43	1.75e-17
117.47	1.95e-17
117.58	2.15e-17
117.76	1.97e-17
117.89	1.75e-17
118.01	1.57e-17
118.13	1.39e-17
118.25	1.21e-17
118.46	1.34e-17
118.59	1.22e-17
118.78	1.11e-17
118.88	1.31e-17
118.93	1.47e-17
118.98	1.61e-17
119.03	1.77e-17
119.15	1.96e-17
119.33	1.79e-17
119.49	1.63e-17
119.62	1.50e-17
119.73	1.62e-17
119.83	1.78e-17
119.96	1.58e-17
120.07	1.42e-17
120.09	1.23e-17
120.17	1.03e-17
120.23	8.38e-18
120.38	7.61e-18
120.54	8.51e-18
120.61	9.50e-18
120.70	1.05e-17
120.77	1.21e-17
120.78	1.34e-17
120.87	1.54e-17
120.98	1.35e-17
121.10	1.21e-17
121.35	1.04e-17
121.50	1.23e-17
121.62	1.41e-17
121.71	1.57e-17
121.81	1.75e-17
121.91	1.90e-17
122.07	2.10e-17
122.16	2.40e-17
122.29	2.90e-17
122.34	2.40e-17
122.43	2.05e-17
122.48	1.91e-17
122.52	1.76e-17
122.53	1.59e-17
122.61	1.43e-17
122.69	1.27e-17
122.80	1.12e-17
123.07	1.00e-17
123.24	8.68e-18
123.35	9.73e-18
123.51	1.13e-17
123.53	1.35e-17
123.61	1.52e-17
123.66	1.81e-17
123.77	1.54e-17
123.81	1.35e-17
123.86	1.16e-17
123.99	9.40e-18
124.22	1.06e-17
124.35	8.70e-18
124.48	7.44e-18
124.71	6.11e-18
124.91	6.86e-18
125.03	7.73e-18
125.27	7.64e-18
125.46	9.03e-18
125.66	1.02e-17
125.74	1.19e-17
125.82	1.32e-17
125.86	1.52e-17
125.89	1.78e-17
125.93	2.10e-17
126.12	1.78e-17
126.25	1.49e-17
126.31	1.33e-17
126.39	1.20e-17
126.54	1.05e-17
126.77	9.46e-18
126.98	1.04e-17
127.14	1.13e-17
127.49	1.08e-17
127.71	1.17e-17
127.88	1.26e-17
128.10	1.35e-17
128.25	1.48e-17
128.35	1.65e-17
128.38	1.81e-17
128.43	1.96e-17
128.43	1.97e-17
128.50	2.85e-17
128.52	2.54e-17
128.57	3.07e-17
128.60	3.34e-17
128.66	3.89e-17
128.69	4.42e-17
128.74	5.15e-17
129.00	4.41e-17
129.14	3.89e-17
129.21	3.31e-17
129.25	3.08e-17
129.32	2.83e-17
129.40	2.55e-17
129.41	2.27e-17
129.52	2.00e-17
129.56	1.83e-17
129.62	1.66e-17
129.69	1.45e-17
129.78	1.20e-17
129.83	9.76e-18
129.90	7.82e-18
130.00	6.58e-18
130.35	7.24e-18
130.74	6.72e-18
131.03	6.97e-18
131.32	6.27e-18
131.63	5.50e-18
131.92	4.64e-18
132.11	4.55e-18
132.34	3.97e-18
132.59	3.33e-18
132.85	3.70e-18
133.14	4.23e-18
133.47	4.49e-18
133.63	5.41e-18
133.78	6.62e-18
133.83	7.89e-18
133.92	9.06e-18
134.08	1.05e-17
134.35	9.44e-18
134.68	8.80e-18
134.82	9.94e-18
134.95	1.11e-17
135.05	1.27e-17
135.15	1.46e-17
135.23	1.66e-17
135.41	1.47e-17
135.57	1.27e-17
135.63	1.12e-17
135.73	9.50e-18
135.96	8.39e-18
136.22	9.47e-18
136.42	9.14e-18
136.61	1.03e-17
136.80	1.06e-17
136.95	1.07e-17
137.06	1.20e-17
137.09	1.35e-17
137.13	1.60e-17
137.16	1.84e-17
137.23	2.11e-17
137.25	2.44e-17
137.33	2.90e-17
137.42	3.61e-17
137.57	2.90e-17
137.66	2.42e-17
137.73	2.10e-17
137.77	1.85e-17
137.85	1.59e-17
137.97	1.34e-17
138.09	1.18e-17
138.18	1.06e-17
138.43	1.05e-17
138.59	9.21e-18
138.81	8.01e-18
139.02	9.06e-18
139.15	1.00e-17
139.39	1.09e-17
139.53	1.23e-17
139.55	1.40e-17
139.57	1.65e-17
139.61	1.89e-17
139.66	2.07e-17
139.67	2.25e-17
139.71	2.49e-17
139.78	3.23e-17
139.95	2.50e-17
140.03	2.25e-17
140.07	2.07e-17
140.08	1.87e-17
140.15	1.65e-17
140.21	1.41e-17
140.34	1.24e-17
140.51	1.08e-17
140.59	9.06e-18
140.75	7.71e-18
141.02	6.94e-18
141.27	5.34e-18
141.54	6.21e-18
141.74	7.38e-18
141.98	6.40e-18
142.29	6.99e-18
142.38	5.67e-18
142.58	5.18e-18
142.80	5.74e-18
143.00	6.45e-18
143.19	5.22e-18
143.59	4.70e-18
143.78	4.18e-18
144.00	3.81e-18
144.20	4.74e-18
144.44	5.92e-18
144.61	4.97e-18
144.78	4.01e-18
145.14	3.80e-18
145.46	2.98e-18
145.62	3.47e-18
145.74	4.19e-18
145.89	4.93e-18
146.23	4.20e-18
146.48	4.97e-18
146.73	5.96e-18
147.06	6.19e-18
147.28	6.75e-18
147.47	7.15e-18
147.78	6.63e-18
147.95	5.86e-18
148.21	5.31e-18
148.64	5.01e-18
149.06	5.23e-18
149.31	6.26e-18
149.48	7.80e-18
149.56	9.60e-18
149.71	1.12e-17
149.77	1.25e-17
149.83	1.37e-17
149.93	1.49e-17
150.05	1.41e-17
150.20	1.63e-17
150.25	1.79e-17
150.32	1.94e-17
150.41	2.16e-17
150.48	1.93e-17
150.54	1.79e-17
150.62	1.61e-17
150.68	1.46e-17
150.73	1.29e-17
150.81	1.11e-17
150.83	9.56e-18
150.93	8.14e-18
151.10	7.28e-18
151.32	6.88e-18
151.46	7.69e-18
151.59	8.68e-18
151.73	9.36e-18
151.90	1.04e-17
151.94	1.39e-17
151.95	1.40e-17
152.00	1.57e-17
152.02	1.88e-17
152.04	2.17e-17
152.07	2.50e-17
152.15	2.85e-17
152.17	3.19e-17
152.19	3.52e-17
152.28	4.34e-17
152.28	4.34e-17
152.30	4.67e-17
152.33	5.05e-17
152.48	4.76e-17
152.54	4.47e-17
152.67	4.98e-17
152.70	4.72e-17
152.74	5.21e-17
152.86	6.39e-17
153.12	5.22e-17
153.17	4.95e-17
153.23	4.65e-17
153.25	4.32e-17
153.29	3.99e-17
153.31	3.55e-17
153.35	3.16e-17
153.40	2.82e-17
153.41	2.38e-17
153.49	2.04e-17
153.61	1.61e-17
153.66	1.35e-17
153.75	1.21e-17
153.91	1.09e-17
154.10	1.13e-17
154.20	1.02e-17
154.39	9.04e-18
154.57	8.11e-18
154.80	7.78e-18
155.01	8.31e-18
155.15	9.61e-18
155.24	1.05e-17
155.39	1.16e-17
155.41	1.64e-17
155.46	2.08e-17
155.55	2.84e-17
155.64	3.52e-17
155.74	4.34e-17
155.77	5.09e-17
155.81	5.96e-17
155.91	5.02e-17
156.08	4.32e-17
156.14	3.53e-17
156.22	2.84e-17
156.29	2.06e-17
156.31	1.65e-17
156.41	1.16e-17
156.41	6.35e-18
156.43	4.85e-18
156.52	3.12e-18
156.80	1.92e-18
157.02	9.67e-19
157.26	1.10e-18
157.77	4.56e-19
158.41	8.07e-19
159.17	2.35e-19
160.05	6.83e-19
160.73	4.49e-19
161.44	1.39e-18
162.38	2.32e-19
163.05	8.62e-19
163.77	5.97e-19
164.35	9.47e-19
164.86	1.05e-18
165.26	8.41e-19
165.53	5.37e-19
166.03	1.04e-18
166.52	1.64e-18
167.08	1.77e-18
167.62	1.66e-18
168.00	2.50e-18
168.43	3.31e-18
168.77	2.57e-18
169.10	1.59e-18
169.39	1.16e-18
169.85	1.48e-18
170.23	2.07e-18
170.65	2.24e-18
171.10	2.43e-18
171.40	3.36e-18
171.66	4.66e-18
171.92	6.15e-18
172.12	7.70e-18
172.24	9.12e-18
172.47	1.03e-17
172.83	1.12e-17
173.11	1.10e-17
173.31	1.18e-17
173.52	1.35e-17
173.61	1.50e-17
173.71	1.67e-17
173.79	1.80e-17
173.93	1.93e-17
174.05	2.05e-17
174.16	2.12e-17
174.46	2.04e-17
174.66	2.16e-17
174.72	2.50e-17
174.81	2.79e-17
174.86	3.33e-17
174.88	3.43e-17
175.03	4.00e-17
175.10	4.79e-17
175.26	4.00e-17
175.35	3.43e-17
175.38	3.08e-17
175.45	2.79e-17
175.49	2.49e-17
175.54	2.22e-17
175.57	2.03e-17
175.62	1.78e-17
175.68	1.53e-17
175.75	1.19e-17
175.78	9.15e-18
175.82	6.68e-18
175.86	4.77e-18
175.99	3.23e-18
176.12	1.97e-18
176.44	1.20e-18
176.70	8.65e-19
177.14	6.88e-19
177.53	6.03e-19
177.96	5.49e-19
178.38	4.64e-19
178.84	3.49e-19
179.28	2.65e-19
179.70	1.18e-19
180.02	6.21e-20
