352.974	2.11e-22
353.089	2.1e-22
353.205	2.07e-22
353.321	2.06e-22
353.437	2.09e-22
353.553	2.04e-22
353.669	2.03e-22
353.785	2.01e-22
353.901	2e-22
354.017	1.99e-22
354.133	1.97e-22
354.249	1.97e-22
354.365	1.96e-22
354.481	1.93e-22
354.597	1.94e-22
354.713	1.92e-22
354.829	1.9e-22
354.945	1.89e-22
355.06	1.89e-22
355.176	1.86e-22
355.292	1.84e-22
355.408	1.83e-22
355.524	1.82e-22
355.64	1.79e-22
355.756	1.77e-22
355.872	1.78e-22
355.988	1.76e-22
356.104	1.74e-22
356.22	1.74e-22
356.336	1.72e-22
356.452	1.7e-22
356.568	1.68e-22
356.684	1.68e-22
356.80	1.65e-22
356.916	1.64e-22
357.031	1.62e-22
357.147	1.62e-22
357.263	1.6e-22
357.379	1.59e-22
357.495	1.57e-22
357.611	1.57e-22
357.727	1.56e-22
357.843	1.54e-22
357.959	1.53e-22
358.075	1.51e-22
358.191	1.52e-22
358.307	1.5e-22
358.423	1.49e-22
358.539	1.47e-22
358.655	1.46e-22
358.771	1.45e-22
358.887	1.44e-22
359.002	1.43e-22
359.118	1.42e-22
359.234	1.41e-22
359.35	1.39e-22
359.466	1.38e-22
359.582	1.37e-22
359.698	1.36e-22
359.814	1.35e-22
359.93	1.34e-22
360.046	1.33e-22
360.162	1.32e-22
360.278	1.3e-22
360.394	1.29e-22
360.51	1.28e-22
360.626	1.27e-22
360.742	1.26e-22
360.857	1.25e-22
360.973	1.24e-22
361.089	1.23e-22
361.205	1.22e-22
361.321	1.21e-22
361.437	1.2e-22
361.553	1.19e-22
361.669	1.19e-22
361.785	1.17e-22
361.901	1.17e-22
362.017	1.15e-22
362.133	1.15e-22
362.249	1.14e-22
362.365	1.13e-22
362.481	1.13e-22
362.597	1.11e-22
362.713	1.1e-22
362.828	1.1e-22
362.944	1.08e-22
363.06	1.08e-22
363.176	1.07e-22
363.292	1.06e-22
363.408	1.05e-22
363.524	1.04e-22
363.64	1.03e-22
363.756	1.03e-22
363.872	1.02e-22
363.988	1.01e-22
364.104	9.98e-23
364.22	9.9e-23
364.336	9.82e-23
364.452	9.76e-23
364.568	9.69e-23
364.684	9.61e-23
364.799	9.52e-23
364.915	9.46e-23
365.031	9.39e-23
365.147	9.31e-23
365.263	9.22e-23
365.379	9.16e-23
365.495	9.08e-23
365.611	9.03e-23
365.727	8.94e-23
365.843	8.88e-23
365.959	8.79e-23
366.075	8.74e-23
366.191	8.66e-23
366.307	8.6e-23
366.423	8.55e-23
366.539	8.47e-23
366.654	8.42e-23
366.77	8.36e-23
366.886	8.28e-23
367.002	8.25e-23
367.118	8.18e-23
367.234	8.14e-23
367.35	8.07e-23
367.466	8.02e-23
367.582	7.94e-23
367.698	7.89e-23
367.814	7.84e-23
367.93	7.79e-23
368.046	7.72e-23
368.162	7.68e-23
368.278	7.62e-23
368.394	7.56e-23
368.51	7.5e-23
368.625	7.45e-23
368.741	7.4e-23
368.857	7.33e-23
368.973	7.27e-23
369.089	7.2e-23
369.205	7.16e-23
369.321	7.12e-23
369.437	7.05e-23
369.553	7.01e-23
369.669	6.94e-23
369.785	6.9e-23
369.901	6.84e-23
370.017	6.78e-23
370.133	6.73e-23
370.249	6.69e-23
370.365	6.64e-23
370.481	6.57e-23
370.596	6.54e-23
370.712	6.49e-23
370.828	6.45e-23
370.944	6.4e-23
371.06	6.37e-23
371.176	6.32e-23
371.292	6.27e-23
371.408	6.24e-23
371.524	6.2e-23
371.64	6.15e-23
371.756	6.1e-23
371.872	6.07e-23
371.988	6.03e-23
372.104	5.99e-23
372.22	5.97e-23
372.336	5.91e-23
372.451	5.88e-23
372.567	5.83e-23
372.683	5.79e-23
372.799	5.73e-23
372.915	5.69e-23
373.031	5.65e-23
373.147	5.6e-23
373.263	5.55e-23
373.379	5.5e-23
373.495	5.47e-23
373.611	5.43e-23
373.727	5.39e-23
373.843	5.36e-23
373.959	5.31e-23
374.075	5.26e-23
374.191	5.23e-23
374.307	5.2e-23
374.422	5.16e-23
374.538	5.13e-23
374.654	5.09e-23
374.77	5.05e-23
374.886	4.99e-23
375.002	4.97e-23
375.118	4.95e-23
375.234	4.9e-23
375.35	4.88e-23
375.466	4.85e-23
375.582	4.82e-23
375.698	4.8e-23
375.814	4.77e-23
375.93	4.73e-23
376.046	4.69e-23
376.162	4.66e-23
376.278	4.65e-23
376.393	4.6e-23
376.509	4.6e-23
376.625	4.56e-23
376.741	4.53e-23
376.857	4.52e-23
376.973	4.49e-23
377.089	4.49e-23
377.205	4.43e-23
377.321	4.39e-23
377.437	4.36e-23
377.553	4.33e-23
377.669	4.29e-23
377.785	4.26e-23
377.901	4.24e-23
378.017	4.21e-23
378.133	4.19e-23
378.248	4.15e-23
378.364	4.14e-23
378.48	4.1e-23
378.596	4.07e-23
378.712	4.05e-23
378.828	3.98e-23
378.944	3.97e-23
379.06	3.94e-23
379.176	3.9e-23
379.292	3.88e-23
379.408	3.86e-23
379.524	3.84e-23
379.64	3.84e-23
379.756	3.78e-23
379.872	3.76e-23
379.988	3.71e-23
380.104	3.74e-23
380.219	3.74e-23
380.335	3.67e-23
380.451	3.67e-23
380.567	3.61e-23
380.683	3.59e-23
380.799	3.58e-23
380.915	3.56e-23
381.031	3.54e-23
381.147	3.54e-23
381.263	3.51e-23
381.379	3.48e-23
381.495	3.47e-23
381.611	3.47e-23
381.727	3.45e-23
381.843	3.43e-23
381.959	3.41e-23
382.075	3.34e-23
382.19	3.37e-23
382.306	3.35e-23
382.422	3.35e-23
382.538	3.32e-23
382.654	3.27e-23
382.77	3.31e-23
382.886	3.29e-23
383.002	3.25e-23
383.118	3.26e-23
383.234	3.3e-23
383.35	3.24e-23
383.466	3.24e-23
383.582	3.14e-23
383.698	3.19e-23
383.814	3.2e-23
383.93	3.17e-23
384.045	3.15e-23
384.161	3.15e-23
384.277	3.1e-23
384.393	3.11e-23
384.509	3.11e-23
384.625	3.04e-23
384.741	3.06e-23
384.857	3.01e-23
384.973	3.01e-23
385.089	2.95e-23
385.205	2.94e-23
385.321	2.92e-23
385.437	2.86e-23
385.553	2.89e-23
385.669	2.87e-23
385.785	2.88e-23
385.901	2.85e-23
386.016	2.84e-23
386.132	2.82e-23
386.248	2.79e-23
386.364	2.81e-23
386.48	2.77e-23
386.596	2.73e-23
386.712	2.73e-23
386.828	2.75e-23
386.944	2.73e-23
387.06	2.74e-23
387.176	2.75e-23
387.292	2.73e-23
387.408	2.65e-23
387.524	2.66e-23
387.64	2.66e-23
387.756	2.65e-23
387.872	2.6e-23
387.987	2.62e-23
388.103	2.58e-23
388.219	2.56e-23
388.335	2.52e-23
388.451	2.53e-23
388.567	2.51e-23
388.683	2.5e-23
388.799	2.47e-23
388.915	2.47e-23
389.031	2.44e-23
389.147	2.43e-23
389.263	2.41e-23
389.379	2.41e-23
389.495	2.4e-23
389.611	2.36e-23
389.727	2.34e-23
389.842	2.32e-23
389.958	2.31e-23
390.074	2.3e-23
390.19	2.26e-23
390.306	2.24e-23
390.422	2.23e-23
390.538	2.22e-23
390.654	2.23e-23
390.77	2.21e-23
390.886	2.18e-23
391.002	2.17e-23
391.118	2.16e-23
391.234	2.15e-23
391.35	2.14e-23
391.466	2.13e-23
391.582	2.1e-23
391.698	2.11e-23
391.813	2.09e-23
391.929	2.07e-23
392.045	2.07e-23
392.161	2.07e-23
392.277	2.04e-23
392.393	2.03e-23
392.509	2.01e-23
392.625	2e-23
392.741	1.98e-23
392.857	1.96e-23
392.973	1.96e-23
393.089	1.95e-23
393.205	1.93e-23
393.321	1.91e-23
393.437	1.91e-23
393.553	1.91e-23
393.668	1.88e-23
393.784	1.89e-23
393.90	1.87e-23
394.016	1.86e-23
394.132	1.85e-23
394.248	1.84e-23
394.364	1.84e-23
394.48	1.82e-23
394.596	1.8e-23
394.712	1.79e-23
394.828	1.78e-23
394.944	1.78e-23
395.06	1.77e-23
395.176	1.77e-23
395.292	1.77e-23
395.408	1.76e-23
395.524	1.74e-23
395.639	1.73e-23
395.755	1.72e-23
395.871	1.72e-23
395.987	1.71e-23
396.103	1.7e-23
396.219	1.7e-23
396.335	1.68e-23
396.451	1.67e-23
396.567	1.66e-23
396.683	1.66e-23
396.799	1.66e-23
396.915	1.65e-23
397.031	1.65e-23
397.147	1.65e-23
397.263	1.64e-23
397.379	1.63e-23
397.495	1.62e-23
397.61	1.61e-23
397.726	1.59e-23
397.842	1.58e-23
397.958	1.58e-23
398.074	1.57e-23
398.19	1.56e-23
398.306	1.56e-23
398.422	1.55e-23
398.538	1.55e-23
398.654	1.54e-23
398.77	1.53e-23
398.886	1.51e-23
399.002	1.5e-23
399.118	1.5e-23
399.234	1.49e-23
399.35	1.48e-23
399.466	1.47e-23
399.581	1.47e-23
399.697	1.46e-23
399.813	1.46e-23
399.929	1.45e-23
400.045	1.44e-23
400.161	1.43e-23
400.277	1.42e-23
400.393	1.41e-23
400.509	1.41e-23
400.625	1.4e-23
400.741	1.39e-23
400.857	1.38e-23
400.973	1.37e-23
401.089	1.37e-23
401.205	1.36e-23
401.321	1.35e-23
401.436	1.34e-23
401.552	1.33e-23
401.668	1.32e-23
401.784	1.32e-23
401.90	1.3e-23
402.016	1.29e-23
402.132	1.28e-23
402.248	1.27e-23
402.364	1.27e-23
402.48	1.26e-23
402.596	1.25e-23
402.712	1.24e-23
402.828	1.24e-23
402.944	1.23e-23
403.06	1.22e-23
403.176	1.22e-23
403.292	1.21e-23
403.407	1.21e-23
403.523	1.2e-23
403.639	1.2e-23
403.755	1.2e-23
403.871	1.19e-23
403.987	1.19e-23
404.103	1.17e-23
404.219	1.17e-23
404.335	1.17e-23
404.451	1.16e-23
404.567	1.16e-23
404.683	1.15e-23
404.799	1.15e-23
404.915	1.14e-23
405.031	1.14e-23
405.147	1.13e-23
405.263	1.12e-23
405.378	1.11e-23
405.494	1.11e-23
405.61	1.1e-23
405.726	1.1e-23
405.842	1.09e-23
405.958	1.08e-23
406.074	1.07e-23
406.19	1.06e-23
406.306	1.06e-23
406.422	1.05e-23
406.538	1.04e-23
406.654	1.04e-23
406.77	1.03e-23
406.886	1.03e-23
407.002	1.02e-23
407.118	1.02e-23
407.233	1.01e-23
407.349	1.01e-23
407.465	1.01e-23
407.581	1e-23
407.697	1e-23
407.813	1e-23
407.929	1e-23
408.045	9.96e-24
408.161	9.97e-24
408.277	9.95e-24
408.393	9.9e-24
408.509	9.86e-24
408.625	9.8e-24
408.741	9.73e-24
408.857	9.68e-24
408.973	9.62e-24
409.089	9.55e-24
409.204	9.48e-24
409.32	9.46e-24
409.436	9.38e-24
409.552	9.34e-24
409.668	9.27e-24
409.784	9.26e-24
409.90	9.21e-24
410.016	9.17e-24
410.132	9.17e-24