  4.428	2.307e-18
  4.444	2.380e-18
  4.460	2.240e-18
  4.476	2.284e-18
  4.492	2.340e-18
  4.509	2.334e-18
  4.525	2.309e-18
  4.542	2.293e-18
  4.558	2.333e-18
  4.575	2.307e-18
  4.592	2.341e-18
  4.609	2.261e-18
  4.626	2.246e-18
  4.644	2.221e-18
  4.661	2.246e-18
  4.679	2.333e-18
  4.696	2.237e-18
  4.714	2.286e-18
  4.732	2.373e-18
  4.750	2.281e-18
  4.769	2.294e-18
  4.787	2.388e-18
  4.806	2.359e-18
  4.824	2.418e-18
  4.843	2.357e-18
  4.862	2.317e-18
  4.881	2.281e-18
  4.901	2.425e-18
  4.920	2.443e-18
  4.940	2.366e-18
  4.959	2.512e-18
  4.979	2.466e-18
  4.999	2.434e-18
  5.020	2.470e-18
  5.040	2.437e-18
  5.061	2.526e-18
  5.081	2.456e-18
  5.102	2.498e-18
  5.123	2.488e-18
  5.145	2.546e-18
  5.166	2.492e-18
  5.188	2.523e-18
  5.209	2.602e-18
  5.231	2.579e-18
  5.254	2.621e-18
  5.276	2.576e-18
  5.298	2.583e-18
  5.321	2.594e-18
  5.344	2.577e-18
  5.367	2.680e-18
  5.391	2.564e-18
  5.414	2.660e-18
  5.438	2.684e-18
  5.462	2.658e-18
  5.486	2.737e-18
  5.510	2.797e-18
  5.523	2.702e-18
  5.535	2.782e-18
  5.547	2.809e-18
  5.560	2.793e-18
  5.572	2.761e-18
  5.585	2.805e-18
  5.597	2.760e-18
  5.610	2.753e-18
  5.623	2.811e-18
  5.636	2.710e-18
  5.648	2.744e-18
  5.661	2.775e-18
  5.674	2.773e-18
  5.687	2.744e-18
  5.700	2.705e-18
  5.714	2.719e-18
  5.727	2.701e-18
  5.740	2.720e-18
  5.753	2.643e-18
  5.767	2.615e-18
  5.780	2.617e-18
  5.794	2.510e-18
  5.807	2.496e-18
  5.821	2.456e-18
  5.835	2.416e-18
  5.848	2.376e-18
  5.862	2.278e-18
  5.876	2.199e-18
  5.890	2.155e-18
  5.904	2.008e-18
  5.918	1.950e-18
  5.932	1.867e-18
  5.946	1.710e-18
  5.961	1.598e-18
  5.975	1.476e-18
  5.990	1.293e-18
  6.004	1.154e-18
  6.019	1.076e-18
  6.033	8.436e-19
  6.048	7.188e-19
  6.063	7.452e-19
  6.078	6.513e-19
  6.093	6.015e-19
  6.108	6.169e-19
  6.123	6.245e-19
  6.138	6.177e-19
  6.153	5.934e-19
  6.168	5.164e-19
  6.184	4.265e-19
  6.199	3.644e-19
  6.262	3.321e-19
  6.326	3.661e-19
  6.391	3.412e-19
  6.458	3.419e-19
  6.525	3.781e-19
  6.595	3.733e-19
  6.666	3.858e-19
  6.738	3.805e-19
  6.812	3.894e-19
  6.888	3.928e-19
  6.965	3.887e-19
  7.045	4.020e-19
  7.126	4.008e-19
  7.208	4.218e-19
  7.293	4.425e-19
  7.380	4.271e-19
  7.469	4.433e-19
  7.560	4.480e-19
  7.653	4.487e-19
  7.749	4.660e-19
  7.847	4.689e-19
  7.948	4.739e-19
  8.051	5.117e-19
  8.157	5.029e-19
  8.266	5.219e-19
  8.377	5.287e-19
  8.492	5.451e-19
  8.610	5.567e-19
  8.731	5.530e-19
  8.856	5.751e-19
  8.984	5.900e-19
  9.116	6.081e-19
  9.253	6.027e-19
  9.393	6.200e-19
  9.537	6.439e-19
  9.686	6.488e-19
  9.840	6.638e-19
  9.999	6.977e-19
 10.163	7.000e-19
 10.332	7.152e-19
 10.507	7.197e-19
 10.688	7.522e-19
 10.876	7.630e-19
 11.070	7.821e-19
 11.271	7.937e-19
 11.480	8.127e-19
 11.697	8.284e-19
 11.922	8.385e-19
 12.155	8.666e-19
 12.398	8.959e-19
 12.651	9.063e-19
 12.915	9.285e-19
 13.190	9.590e-19
 13.477	9.727e-19
 13.776	9.970e-19
 14.089	1.009e-18
 14.417	1.033e-18
 14.760	1.061e-18
 15.120	1.087e-18
 15.498	1.103e-18
 15.694	1.115e-18
 15.895	1.094e-18
 16.102	1.129e-18
 16.314	1.168e-18
 16.531	1.181e-18
 16.755	1.186e-18
 16.984	1.186e-18
 17.220	1.165e-18
 17.463	1.198e-18
 17.712	1.202e-18
 17.969	1.227e-18
 18.233	1.237e-18
 18.505	1.224e-18
 18.785	1.204e-18
 19.075	1.252e-18
 19.373	1.213e-18
 19.680	1.259e-18
 19.997	1.258e-18
 20.325	1.239e-18
 20.664	1.244e-18
 21.014	1.278e-18
 21.377	1.248e-18
 21.752	1.245e-18
 22.140	1.279e-18
 22.543	1.224e-18
 22.960	1.264e-18
 23.393	1.229e-18
 23.843	1.215e-18
 24.311	1.240e-18
 24.797	1.252e-18
 25.303	1.227e-18
 25.830	1.242e-18
 26.380	1.223e-18
 26.953	1.230e-18
 27.552	1.232e-18
 28.178	1.277e-18
 28.834	1.304e-18
 29.520	1.397e-18
 30.240	1.480e-18
 30.996	1.616e-18
 31.388	1.822e-18
 31.791	1.936e-18
 32.204	1.984e-18
 32.627	2.222e-18
 33.062	2.287e-18
 33.509	2.573e-18
 33.968	2.888e-18
 34.440	3.139e-18
 34.925	3.288e-18
 35.444	3.857e-18
 35.536	4.008e-18
 35.628	4.077e-18
 35.720	4.411e-18
 35.813	5.043e-18
 35.906	3.442e-18
 36.000	4.670e-18
 36.094	4.459e-18
 36.189	4.381e-18
 36.285	4.814e-18
 36.380	3.528e-18
 36.477	4.856e-18
 36.574	4.975e-18
 36.671	5.581e-18
 36.769	4.841e-18
 36.867	5.068e-18
 36.966	4.902e-18
 37.066	5.187e-18
 37.166	4.817e-18
 37.266	6.443e-18
 37.367	5.556e-18
 37.469	6.078e-18
 37.571	6.098e-18
 37.674	6.597e-18
 37.777	5.951e-18
 37.881	6.664e-18
 37.985	6.288e-18
 38.090	7.160e-18
 38.196	6.763e-18
 38.302	7.158e-18
 38.409	6.967e-18
 38.516	7.411e-18
 38.624	7.141e-18
 38.733	6.942e-18
 38.842	7.233e-18
 38.952	7.522e-18
 39.062	8.870e-18
 39.174	8.406e-18
 39.285	8.394e-18
 39.398	8.149e-18
 39.511	8.450e-18
 39.624	9.206e-18
 39.739	9.104e-18
 39.854	8.786e-18
 39.969	9.767e-18
 40.085	1.038e-17
 40.202	9.858e-18
 40.320	1.070e-17
 40.438	1.147e-17
 40.557	1.071e-17
 40.677	9.780e-18
 40.798	1.070e-17
 40.919	1.039e-17
 41.041	1.152e-17
 41.163	1.162e-17
 41.287	1.110e-17
 41.411	1.147e-17
 41.536	1.201e-17
 41.661	1.271e-17
 41.788	1.225e-17
 41.915	1.300e-17
 42.043	1.268e-17
 42.172	1.217e-17
 42.301	1.362e-17
 42.431	1.251e-17
 42.562	1.377e-17
 42.694	1.432e-17
 42.827	1.393e-17
 42.961	1.487e-17
 43.095	1.466e-17
 43.230	1.481e-17
 43.366	1.450e-17
 43.503	1.459e-17
 43.641	1.712e-17
 43.780	1.559e-17
 43.919	1.622e-17
 44.060	1.526e-17
 44.201	1.678e-17
 44.343	1.783e-17
 44.487	1.709e-17
 44.631	1.807e-17
 44.776	1.781e-17
 44.922	1.788e-17
 45.069	1.909e-17
 45.217	1.863e-17
 45.366	1.736e-17
 45.516	1.838e-17
 45.666	1.915e-17
 45.818	1.920e-17
 45.971	1.990e-17
 46.125	2.006e-17
 46.280	1.943e-17
 46.436	2.040e-17
 46.593	2.047e-17
 46.751	2.102e-17
 46.910	2.077e-17
 47.071	2.223e-17
 47.232	2.067e-17
 47.395	2.142e-17
 47.558	2.078e-17
 47.723	2.299e-17
 47.889	2.250e-17
 48.056	2.330e-17
 48.224	2.278e-17
 48.394	2.373e-17
 48.564	2.364e-17
 48.736	2.469e-17
 48.909	2.399e-17
 49.083	2.490e-17
 49.259	2.478e-17
 49.436	2.447e-17
 49.614	2.584e-17
 49.793	2.551e-17
 49.974	2.558e-17
 50.155	2.695e-17
 50.339	2.633e-17
 50.523	2.827e-17
 50.709	2.771e-17
 50.897	2.765e-17
 51.085	2.804e-17
 51.276	2.689e-17
 51.467	2.867e-17
 51.660	2.812e-17
 51.855	2.738e-17
 52.050	2.784e-17
 52.248	2.875e-17
 52.447	2.728e-17
 52.647	2.836e-17
 52.849	2.925e-17
 53.053	2.787e-17
 53.258	2.951e-17
 53.465	2.924e-17
 53.673	3.172e-17
 53.883	3.149e-17
 54.094	3.147e-17
 54.308	3.310e-17
 54.523	3.253e-17
 54.739	3.330e-17
 54.958	3.305e-17
 55.178	3.339e-17
 55.400	3.360e-17
 55.623	3.416e-17
 55.849	3.386e-17
 56.076	3.453e-17
 56.305	3.483e-17
 56.536	3.455e-17
 56.769	3.516e-17
 57.004	3.561e-17
 57.241	3.600e-17
 57.480	3.598e-17
 57.721	3.604e-17
 57.964	3.586e-17
 58.209	3.589e-17
 58.456	3.709e-17
 58.705	3.766e-17
 58.956	3.679e-17
 59.209	3.884e-17
 59.465	3.851e-17
 59.723	3.865e-17
 59.983	3.985e-17
 60.245	3.835e-17
 60.510	3.995e-17
 60.777	3.984e-17
 61.046	3.956e-17
 61.318	4.005e-17
 61.592	4.013e-17
 61.868	3.945e-17
 62.147	3.980e-17
 62.429	4.045e-17
 62.713	3.995e-17
 63.000	4.157e-17
 63.290	4.181e-17
 63.582	4.158e-17
 63.876	4.177e-17
 64.174	4.300e-17
 64.474	4.275e-17
 64.778	4.272e-17
 65.084	4.292e-17
 65.393	4.381e-17
 65.704	4.337e-17
 66.019	4.306e-17
 66.337	4.351e-17
 66.658	4.294e-17
 66.982	4.488e-17
 67.310	4.432e-17
 67.640	4.451e-17
 67.974	4.393e-17
 68.311	4.358e-17
 68.651	4.491e-17
 68.995	4.438e-17
 69.342	4.457e-17
 69.693	4.490e-17
 70.048	4.484e-17
 70.406	4.508e-17
 70.767	4.529e-17
 71.133	4.440e-17
 71.502	4.472e-17
 71.875	4.536e-17
 72.252	4.471e-17
 72.616	4.453e-17
 72.675	4.451e-17
 72.735	4.454e-17
 72.795	4.471e-17
 72.855	4.315e-17
 72.915	4.418e-17
 72.975	4.477e-17
 73.035	4.491e-17
 73.095	4.492e-17
 73.156	4.492e-17
 73.216	4.453e-17
 73.277	4.350e-17
 73.337	4.441e-17
 73.398	4.405e-17
 73.459	4.457e-17
 73.520	4.503e-17
 73.581	4.479e-17
 73.642	4.684e-17
 73.704	4.448e-17
 73.765	4.562e-17
 73.827	4.394e-17
 73.888	4.275e-17
 73.950	4.333e-17
 74.012	4.423e-17
 74.074	4.531e-17
 74.136	4.538e-17
 74.198	4.558e-17
 74.260	4.660e-17
 74.322	4.576e-17
 74.385	4.590e-17
 74.447	4.439e-17
 74.510	4.241e-17
 74.573	4.256e-17
 74.635	4.322e-17
 74.698	4.582e-17
 74.761	4.630e-17
 74.825	4.667e-17
 74.888	4.598e-17
 74.951	4.533e-17
 75.015	4.685e-17
 75.078	4.564e-17
 75.142	4.417e-17
 75.206	4.293e-17
 75.270	4.174e-17
 75.334	4.102e-17
 75.398	4.428e-17
 75.462	4.711e-17
 75.526	4.818e-17
 75.591	4.702e-17
 75.656	4.548e-17
 75.720	4.654e-17
 75.785	4.595e-17
 75.850	4.620e-17
 75.915	4.277e-17
 75.980	4.042e-17
 76.045	4.038e-17
 76.111	4.047e-17
 76.176	4.347e-17
 76.242	4.685e-17
 76.307	4.927e-17
 76.373	4.986e-17
 76.439	4.837e-17
 76.505	4.711e-17
 76.571	4.512e-17
 76.638	4.489e-17
 76.704	4.101e-17
 76.770	4.032e-17
 76.837	3.862e-17
 76.904	4.011e-17
 76.971	4.264e-17
 77.038	4.573e-17
 77.105	4.864e-17
 77.172	5.174e-17
 77.239	5.318e-17
 77.307	4.992e-17
 77.374	4.447e-17
 77.442	4.189e-17
 77.510	4.195e-17
 77.577	4.054e-17
 77.645	3.923e-17
 77.714	4.025e-17
 77.782	4.253e-17
 77.850	4.542e-17
 77.919	4.744e-17
 77.987	4.990e-17
 78.056	5.213e-17
 78.125	5.290e-17
 78.194	4.867e-17
 78.263	4.228e-17
 78.332	4.041e-17
 78.402	3.951e-17
 78.471	4.089e-17
 78.541	4.179e-17
 78.610	4.362e-17
 78.680	4.638e-17
 78.750	4.749e-17
 78.820	4.661e-17
 78.890	4.954e-17
 78.961	5.152e-17
 79.031	5.167e-17
 79.102	4.603e-17
 79.173	3.987e-17
 79.243	3.706e-17
 79.314	3.788e-17
 79.385	3.898e-17
 79.457	4.233e-17
 79.528	4.541e-17
 79.600	4.782e-17
 79.671	4.853e-17
 79.743	5.112e-17
 79.815	5.209e-17
 79.887	5.196e-17
 79.959	4.821e-17
 80.031	4.281e-17
 80.104	3.816e-17
 80.176	3.694e-17
 80.249	3.719e-17
 80.321	4.005e-17
 80.394	4.335e-17
 80.467	4.533e-17
 80.541	4.638e-17
 80.614	4.650e-17
 80.687	4.591e-17
 80.761	4.786e-17
 80.835	4.903e-17
 80.909	4.877e-17
 80.983	4.485e-17
 81.057	4.236e-17
 81.131	4.239e-17
 81.205	4.454e-17
 81.280	4.750e-17
 81.355	4.850e-17
 81.429	4.454e-17
 81.504	4.171e-17
 81.579	4.132e-17
 81.655	4.106e-17
 81.730	4.131e-17
 81.805	4.242e-17
 81.881	4.422e-17
 81.957	4.705e-17
 82.033	4.966e-17
 82.109	5.322e-17
 82.185	5.481e-17
 82.261	5.308e-17
 82.338	4.944e-17
 82.414	4.417e-17
 82.491	4.132e-17
 82.568	4.184e-17
 82.645	4.228e-17
 82.722	4.378e-17
 82.800	4.596e-17
 82.877	4.950e-17
 82.955	5.392e-17
 83.033	5.762e-17
 83.111	6.167e-17
 83.189	6.042e-17
 83.267	5.452e-17
 83.345	4.842e-17
 83.424	4.359e-17
 83.502	4.228e-17
 83.581	4.200e-17
 83.660	4.425e-17
 83.739	4.582e-17
 83.818	4.876e-17
 83.898	5.221e-17
 83.977	5.617e-17
 84.057	6.010e-17
 84.137	6.387e-17
 84.217	6.475e-17
 84.297	5.772e-17
 84.377	5.107e-17
 84.458	4.555e-17
 84.539	4.091e-17
 84.619	4.108e-17
 84.700	4.102e-17
 84.781	4.119e-17
 84.863	4.312e-17
 84.944	4.450e-17
 85.026	4.553e-17
 85.107	4.944e-17
 85.189	5.180e-17
 85.271	5.363e-17
 85.353	5.324e-17
 85.436	4.983e-17
 85.518	4.499e-17
 85.601	4.096e-17
 85.684	3.900e-17
 85.767	3.723e-17
 85.850	3.587e-17
 85.933	3.689e-17
 86.017	3.716e-17
 86.100	3.693e-17
 86.184	3.837e-17
 86.268	3.890e-17
 86.352	3.887e-17
 86.436	3.772e-17
 86.521	3.642e-17
 86.605	3.519e-17
 86.690	3.548e-17
 86.775	3.612e-17
 86.860	3.661e-17
 86.945	3.786e-17
 87.031	3.903e-17
 87.117	3.912e-17
 87.202	3.873e-17
 87.288	3.756e-17
 87.374	3.612e-17
 87.461	3.471e-17
 87.547	3.397e-17
 87.634	3.239e-17
 87.721	3.261e-17
 87.808	3.342e-17
 87.895	3.420e-17
 87.982	3.531e-17
 88.070	3.714e-17
 88.157	3.723e-17
 88.245	3.592e-17
 88.333	3.334e-17
 88.421	3.191e-17
 88.510	3.011e-17
 88.598	2.943e-17
 88.687	2.889e-17
 88.776	2.798e-17
 88.865	2.823e-17
 88.954	2.965e-17
 89.044	3.128e-17
 89.133	3.196e-17
 89.223	3.225e-17
 89.313	3.049e-17
 89.403	2.797e-17
 89.493	2.607e-17
 89.584	2.543e-17
 89.675	2.510e-17
 89.766	2.434e-17
 89.857	2.414e-17
 89.948	2.368e-17
 90.039	2.401e-17
 90.131	2.522e-17
 90.223	2.560e-17
 90.315	2.499e-17
 90.407	2.528e-17
 90.499	2.393e-17
 90.592	2.272e-17
 90.685	2.276e-17
 90.778	2.217e-17
 90.871	2.159e-17
 90.964	2.245e-17
 91.058	2.206e-17
 91.151	2.231e-17
 91.245	2.254e-17
 91.340	2.254e-17
 91.434	2.211e-17
 91.528	2.235e-17
 91.623	2.234e-17
 91.718	2.282e-17
 91.813	2.321e-17
 91.908	2.335e-17
 92.004	2.364e-17
 92.099	2.276e-17
 92.195	2.347e-17
 92.291	2.240e-17
 92.388	2.299e-17
 92.484	2.327e-17
 92.581	2.322e-17
 92.678	2.313e-17
 92.775	2.395e-17
 92.872	2.445e-17
 92.970	2.497e-17
 93.067	2.518e-17
 93.165	2.592e-17
 93.263	2.519e-17
 93.362	2.609e-17
 93.460	2.649e-17
 93.559	2.679e-17
 93.658	2.649e-17
 93.757	2.653e-17
 93.856	2.680e-17
 93.956	2.737e-17
 93.999	2.766e-17
 94.070	2.785e-17
 94.141	2.866e-17
 94.213	2.858e-17
 94.285	2.757e-17
 94.356	2.795e-17
 94.428	2.849e-17
 94.500	3.028e-17
 94.572	3.033e-17
 94.644	3.018e-17
 94.717	3.070e-17
 94.789	3.233e-17
 94.862	3.216e-17
 94.934	3.047e-17
 95.007	3.028e-17
 95.080	3.166e-17
 95.153	3.058e-17
 95.226	3.061e-17
 95.299	3.175e-17
 95.373	3.284e-17
 95.446	3.370e-17
 95.519	3.269e-17
 95.593	3.482e-17
 95.667	3.666e-17
 95.741	3.851e-17
 95.815	4.026e-17
 95.889	4.285e-17
 95.963	4.122e-17
 96.037	4.190e-17
 96.112	3.898e-17
 96.186	3.816e-17
 96.261	3.708e-17
 96.336	3.700e-17
 96.411	3.824e-17
 96.486	3.819e-17
 96.561	3.765e-17
 96.636	3.580e-17
 96.712	3.605e-17
 96.787	3.853e-17
 96.863	3.969e-17
 96.938	4.119e-17
 97.014	4.003e-17
 97.090	4.024e-17
 97.166	4.106e-17
 97.243	4.157e-17
 97.319	4.079e-17
 97.395	4.187e-17
 97.472	4.454e-17
 97.549	4.556e-17
 97.625	4.794e-17
 97.702	4.943e-17
 97.779	5.076e-17
 97.857	5.053e-17
 97.934	4.669e-17
 98.011	4.657e-17
 98.089	4.658e-17
 98.166	4.734e-17
 98.244	4.845e-17
 98.322	4.640e-17
 98.400	4.476e-17
 98.478	4.401e-17
 98.557	4.421e-17
 98.635	4.417e-17
 98.714	4.764e-17
 98.792	5.001e-17
 98.871	4.848e-17
 98.950	4.163e-17
 99.029	3.744e-17
 99.108	3.694e-17
 99.187	3.954e-17
 99.267	4.584e-17
 99.346	5.384e-17
 99.426	6.073e-17
 99.506	6.392e-17
 99.586	6.328e-17
 99.666	5.743e-17
 99.746	5.086e-17
 99.826	4.209e-17
 99.907	3.306e-17
 99.987	3.047e-17
100.068	3.244e-17
100.149	3.955e-17
100.230	5.079e-17
100.311	5.916e-17
100.392	5.779e-17
100.473	5.379e-17
100.555	5.093e-17
100.637	5.197e-17
100.718	5.062e-17
100.800	4.773e-17
100.882	4.891e-17
100.964	6.510e-17
101.047	8.586e-17
101.129	1.027e-16
101.212	9.946e-17
101.294	7.873e-17
101.377	5.258e-17
101.460	3.924e-17
101.543	4.039e-17
101.626	4.847e-17
101.710	5.387e-17
101.793	5.356e-17
101.877	4.691e-17
101.961	3.450e-17
102.045	2.500e-17
102.129	1.670e-17
102.213	1.137e-17
102.297	9.324e-18
102.382	8.629e-18
102.466	1.072e-17
102.551	1.340e-17
102.636	1.643e-17
102.721	1.645e-17
102.806	1.636e-17
102.892	1.483e-17
102.977	1.480e-17
103.063	1.574e-17
103.148	2.182e-17
103.234	3.004e-17
103.320	4.496e-17
103.406	6.963e-17
103.493	1.040e-16
103.579	1.477e-16
103.666	1.896e-16
103.753	2.091e-16
103.839	1.878e-16
103.926	1.354e-16
104.014	8.334e-17
104.101	5.419e-17
104.188	3.692e-17
104.276	2.866e-17
104.364	2.934e-17
104.452	3.327e-17
104.540	3.430e-17
104.628	3.002e-17
104.716	2.478e-17
104.805	1.900e-17
104.894	1.759e-17
104.982	1.913e-17
105.071	1.907e-17
105.161	1.614e-17
105.250	1.250e-17
105.339	7.541e-18
105.429	6.274e-18
105.519	6.437e-18
105.608	9.287e-18
105.698	1.192e-17
105.789	1.389e-17
105.879	1.254e-17
105.969	9.661e-18
106.060	6.173e-18
106.151	4.732e-18
106.242	4.748e-18
106.333	4.921e-18
106.424	6.754e-18
106.516	8.111e-18
106.607	1.258e-17
106.699	1.882e-17
106.791	2.157e-17
106.883	2.418e-17
106.975	2.579e-17
107.068	2.884e-17
107.160	3.270e-17
107.253	3.856e-17
107.346	4.571e-17
107.439	4.547e-17
107.532	4.037e-17
107.625	2.969e-17
107.719	2.210e-17
107.812	1.868e-17
107.906	1.953e-17
108.000	2.054e-17
108.094	2.154e-17
108.189	1.762e-17
108.283	1.473e-17
108.378	1.218e-17
108.473	1.152e-17
108.568	1.375e-17
108.663	1.592e-17
108.758	1.585e-17
108.854	1.467e-17
108.949	1.410e-17
109.045	1.438e-17
109.141	1.409e-17
109.237	1.390e-17
109.334	1.220e-17
109.430	1.346e-17
109.527	1.705e-17
109.624	2.362e-17
109.721	3.631e-17
109.818	6.441e-17
109.915	1.233e-16
110.013	2.160e-16
110.110	2.952e-16
110.208	2.872e-16
110.306	1.992e-16
110.405	1.066e-16
110.503	5.638e-17
110.601	3.450e-17
110.700	2.722e-17
110.799	2.653e-17
110.898	2.575e-17
110.998	2.648e-17
111.097	3.312e-17
111.197	4.444e-17
111.296	5.862e-17
111.396	6.262e-17
111.497	5.252e-17
111.597	3.712e-17
111.698	2.867e-17
111.798	2.551e-17
111.899	2.348e-17
112.000	1.918e-17
112.101	1.550e-17
112.203	1.289e-17
112.305	1.322e-17
112.406	1.701e-17
112.508	2.308e-17
112.611	2.565e-17
112.713	2.177e-17
112.816	1.448e-17
112.918	8.704e-18
113.021	5.195e-18
113.124	2.630e-18
113.228	1.723e-18
113.331	1.236e-18
113.435	7.150e-19
113.539	7.306e-19
113.643	4.782e-19
113.747	3.277e-19
113.851	4.343e-19
113.956	2.665e-19
114.061	4.704e-19
114.166	4.782e-19
114.271	4.892e-19
114.377	3.716e-19
114.482	4.076e-19
114.588	2.477e-19
114.694	3.936e-19
114.800	4.986e-19
114.907	6.475e-19
115.013	6.977e-19
115.120	5.001e-19
115.227	7.150e-19
115.334	6.632e-19
115.442	7.589e-19
115.549	9.518e-19
115.657	1.203e-18
115.765	1.085e-18
115.873	9.549e-19
115.982	7.479e-19
116.090	8.780e-19
116.199	6.554e-19
116.308	9.847e-19
116.417	9.470e-19
116.527	9.486e-19
116.636	9.925e-19
116.746	7.839e-19
116.856	1.062e-18
116.966	1.784e-18
117.077	1.897e-18
117.187	2.258e-18
117.298	1.999e-18
117.409	1.486e-18
117.521	1.347e-18
117.632	9.000e-19
117.744	7.949e-19
117.856	1.000e-18
117.968	8.044e-19
118.080	7.996e-19
118.193	7.416e-19
118.306	3.998e-19
118.419	4.139e-19
118.532	6.036e-19
118.645	6.884e-19
118.759	6.961e-19
118.873	8.640e-19
118.987	1.104e-18
119.101	1.327e-18
119.216	1.897e-18
119.330	1.513e-18
119.445	1.303e-18
119.561	1.123e-18
119.676	1.406e-18
119.792	1.207e-18
119.907	1.383e-18
120.023	1.708e-18
120.140	1.935e-18
120.256	2.901e-18
120.373	4.143e-18
120.490	5.628e-18
120.607	6.946e-18
120.725	7.545e-18
120.842	6.714e-18
120.960	5.018e-18
121.078	3.945e-18
121.197	2.379e-18
121.315	1.798e-18
121.434	1.248e-18
121.553	9.110e-19
121.672	9.063e-19
121.792	8.483e-19
121.912	8.091e-19
122.032	9.502e-19
122.152	9.188e-19
122.272	6.036e-19
122.393	5.393e-19
122.514	4.484e-19
122.635	2.884e-19
122.757	4.547e-19
122.878	3.355e-19
123.000	5.268e-19
123.122	4.453e-19
123.245	7.118e-19
123.367	6.350e-19
123.490	1.232e-18
123.613	1.651e-18
123.737	2.369e-18
123.860	4.028e-18
123.984	6.357e-18
124.108	9.927e-18
124.233	1.648e-17
124.357	2.708e-17
124.482	3.834e-17
124.607	4.029e-17
124.733	3.156e-17
124.858	1.951e-17
124.984	1.091e-17
125.110	5.916e-18
125.237	3.487e-18
125.363	2.189e-18
125.490	1.703e-18
125.617	1.160e-18
125.745	1.171e-18
125.872	8.514e-19
126.000	7.087e-19
126.128	6.366e-19
126.257	6.821e-19
126.386	7.824e-19
126.515	5.739e-19
126.644	8.388e-19
126.773	7.918e-19
126.903	9.894e-19
127.033	1.414e-18
127.163	1.599e-18
127.294	2.136e-18
127.425	3.069e-18
127.556	4.226e-18
127.687	5.661e-18
127.819	8.662e-18
127.951	1.346e-17
128.083	2.192e-17
128.215	3.331e-17
128.348	5.295e-17
128.481	9.405e-17
128.614	1.784e-16
128.748	2.792e-16
128.882	3.246e-16
129.016	2.750e-16
129.150	1.762e-16
129.285	9.297e-17
129.420	4.971e-17
129.555	2.724e-17
129.691	1.544e-17
129.826	9.968e-18
129.963	6.772e-18
130.099	5.225e-18
130.236	3.939e-18
130.373	2.940e-18
130.510	2.388e-18
130.647	2.015e-18
130.785	1.893e-18
130.923	1.678e-18
131.062	1.482e-18
131.200	1.612e-18
131.339	1.283e-18
131.479	1.204e-18
131.618	1.234e-18
131.758	1.444e-18
131.898	1.538e-18
132.039	1.486e-18
132.179	1.792e-18
132.320	2.085e-18
132.462	2.703e-18
132.603	4.478e-18
132.745	6.415e-18
132.888	7.155e-18
133.030	6.016e-18
133.173	4.129e-18
133.316	2.901e-18
133.460	2.241e-18
133.604	1.640e-18
133.748	1.395e-18
133.892	1.314e-18
134.037	1.256e-18
134.182	1.394e-18
134.327	1.408e-18
134.473	1.289e-18
134.619	1.157e-18
134.765	1.259e-18
134.912	1.284e-18
135.0	1.23e-18
137.5	1.52e-18
140.0	2.05e-18
142.5	2.38e-18
145.0	2.79e-18
147.5	3.11e-18
150.0	3.34e-18
152.5	3.42e-18
155.0	3.43e-18
157.5	3.27e-18
160.0	3.06e-18
162.5	2.73e-18
165.0	2.40e-18
167.5	1.99e-18
170.0	1.63e-18
172.5	1.36e-18
175.0	1.06e-18
177.5	7.96e-19
180.0	5.89e-19
182.5	4.23e-19
185.0	2.94e-19
187.5	2.03e-19
190.0	1.38e-19
195.0	5.96e-20
200.0	2.39e-20
205.0	9.03e-21
210.0	3.10e-21
215.0	1.01e-21
220.0	3.0e-22
225.0	1.0e-22
230.0	3.4e-23
