106.01	5.1326e-17
106.06	5.1565e-17
106.11	5.1671e-17
106.16	5.2481e-17
106.21	5.1481e-17
106.26	5.4678e-17
106.31	5.1911e-17
106.36	5.3159e-17
106.41	5.1281e-17
106.46	5.2069e-17
106.51	5.4719e-17
106.56	5.2922e-17
106.61	5.2851e-17
106.66	5.3608e-17
106.71	5.4593e-17
106.76	5.4368e-17
106.81	5.3282e-17
106.86	5.3725e-17
106.91	5.3688e-17
106.96	5.4479e-17
107.01	5.3926e-17
107.06	5.4396e-17
107.11	5.3722e-17
107.16	5.3064e-17
107.21	5.3619e-17
107.26	5.3448e-17
107.31	5.3783e-17
107.36	5.2554e-17
107.41	5.3809e-17
107.46	5.3429e-17
107.51	5.4792e-17
107.56	5.1820e-17
107.61	5.3255e-17
107.66	5.2562e-17
107.71	5.2932e-17
107.76	5.3217e-17
107.81	5.2128e-17
107.86	5.3483e-17
107.91	5.3238e-17
107.96	5.2849e-17
108.01	5.3098e-17
108.06	5.3300e-17
108.11	5.1623e-17
108.16	5.3205e-17
108.21	5.2720e-17
108.26	5.2461e-17
108.31	5.2336e-17
108.36	5.2845e-17
108.41	5.2653e-17
108.46	5.3182e-17
108.51	5.3211e-17
108.56	5.1701e-17
108.61	5.1575e-17
108.66	5.3518e-17
108.71	5.1395e-17
108.76	5.1499e-17
108.81	5.1639e-17
108.86	5.2118e-17
108.91	5.1868e-17
108.96	5.2349e-17
109.01	5.1274e-17
109.06	5.1320e-17
109.11	5.1890e-17
109.16	5.1341e-17
109.21	5.1596e-17
109.26	5.1758e-17
109.31	5.1800e-17
109.36	5.1146e-17
109.41	5.1478e-17
109.46	5.0912e-17
109.51	5.2434e-17
109.56	5.0863e-17
109.61	5.0828e-17
109.66	5.1315e-17
109.71	4.9897e-17
109.76	5.0598e-17
109.81	5.1172e-17
109.86	5.0508e-17
109.91	5.1402e-17
109.96	5.0766e-17
110.01	5.0638e-17
110.06	5.0366e-17
110.11	5.0373e-17
110.16	5.0001e-17
110.21	4.9679e-17
110.26	5.0058e-17
110.31	4.9324e-17
110.36	4.8665e-17
110.41	4.9196e-17
110.46	4.8938e-17
110.51	5.0715e-17
110.56	5.0255e-17
110.61	4.9529e-17
110.66	5.0447e-17
110.71	4.9811e-17
110.76	5.0396e-17
110.81	4.8741e-17
110.86	5.0314e-17
110.91	4.8475e-17
110.96	4.8266e-17
111.01	4.9431e-17
111.06	4.9505e-17
111.11	4.9927e-17
111.16	4.9064e-17
111.21	4.8052e-17
111.26	4.9337e-17
111.31	4.9242e-17
111.36	4.8557e-17
111.41	4.7655e-17
111.46	4.9520e-17
111.51	4.9606e-17
111.56	4.8370e-17
111.61	4.7836e-17
111.66	4.8963e-17
111.71	4.8071e-17
111.76	4.8222e-17
111.81	4.9002e-17
111.86	4.7192e-17
111.91	4.7697e-17
111.96	4.8417e-17
112.01	4.7434e-17
112.06	4.8199e-17
112.11	4.8316e-17
112.16	4.7642e-17
112.21	4.7671e-17
112.26	4.7181e-17
112.30	4.7099e-17
112.35	4.7237e-17
112.40	4.7154e-17
112.45	4.7162e-17
112.50	4.6825e-17
112.55	4.7566e-17
112.60	4.7298e-17
112.65	4.7095e-17
112.70	4.7375e-17
112.75	4.6476e-17
112.80	4.7407e-17
112.85	4.6236e-17
112.90	4.5528e-17
112.95	4.6554e-17
113.00	4.5992e-17
113.05	4.5987e-17
113.10	4.5619e-17
113.15	4.5933e-17
113.20	4.5475e-17
113.25	4.5650e-17
113.30	4.5181e-17
113.35	4.5820e-17
113.40	4.5392e-17
113.45	4.5917e-17
113.50	4.4843e-17
113.55	4.5397e-17
113.60	4.5417e-17
113.65	4.4727e-17
113.70	4.5209e-17
113.75	4.5800e-17
113.80	4.5106e-17
113.85	4.5179e-17
113.90	4.3940e-17
113.95	4.4712e-17
114.00	4.5142e-17
114.05	4.5456e-17
114.10	4.4407e-17
114.15	4.5342e-17
114.20	4.4478e-17
114.25	4.4813e-17
114.30	4.5133e-17
114.35	4.4421e-17
114.40	4.3792e-17
114.45	4.3824e-17
114.50	4.5052e-17
114.55	4.4623e-17
114.60	4.4338e-17
114.65	4.3672e-17
114.70	4.4295e-17
114.75	4.4205e-17
114.80	4.4394e-17
114.85	4.4693e-17
114.90	4.3761e-17
114.95	4.3323e-17
115.00	4.3469e-17
115.05	4.3842e-17
115.10	4.3178e-17
115.15	4.4260e-17
115.20	4.3161e-17
115.25	4.4237e-17
115.30	4.3895e-17
115.35	4.4058e-17
115.40	4.3530e-17
115.45	4.3145e-17
115.50	4.3273e-17
115.55	4.3191e-17
115.60	4.3303e-17
115.65	4.2524e-17
115.70	4.3618e-17
115.75	4.3205e-17
115.80	4.2326e-17
115.85	4.2723e-17
115.90	4.3088e-17
115.95	4.2277e-17
116.00	4.3227e-17
116.05	4.3100e-17
116.10	4.2416e-17
116.15	4.2287e-17
116.20	4.2361e-17
116.25	4.2287e-17
116.30	4.2951e-17
116.35	4.3164e-17
116.40	4.3302e-17
116.45	4.2943e-17
116.50	4.2492e-17
116.55	4.2306e-17
116.60	4.3111e-17
116.65	4.2293e-17
116.70	4.3606e-17
116.75	4.2835e-17
116.80	4.2981e-17
116.85	4.2036e-17
116.90	4.3179e-17
116.95	4.2793e-17
117.00	4.2481e-17
117.05	4.2598e-17
117.10	4.2086e-17
117.15	4.2343e-17
117.20	4.2709e-17
117.25	4.2807e-17
117.30	4.2859e-17
117.35	4.2894e-17
117.40	4.2365e-17
117.45	4.2746e-17
117.50	4.3444e-17
117.55	4.2697e-17
117.60	4.2283e-17
117.65	4.2953e-17
117.70	4.2821e-17
117.75	4.2475e-17
117.80	4.2100e-17
117.85	4.2292e-17
117.90	4.2903e-17
117.95	4.3475e-17
118.00	4.2336e-17
118.05	4.2397e-17
118.10	4.3317e-17
118.15	4.2204e-17
118.20	4.3214e-17
118.25	4.2715e-17
118.30	4.2413e-17
118.35	4.2447e-17
118.40	4.2984e-17
118.45	4.2821e-17
118.50	4.2618e-17
118.55	4.2625e-17
118.60	4.3220e-17
118.65	4.2170e-17
118.70	4.2392e-17
118.75	4.2072e-17
118.80	4.2351e-17
118.85	4.1986e-17
118.90	4.2541e-17
118.95	4.1973e-17
119.00	4.2168e-17
119.05	4.2184e-17
119.10	4.1761e-17
119.15	4.2293e-17
119.20	4.1047e-17
119.25	4.1965e-17
119.30	4.2064e-17
119.35	4.1420e-17
119.40	4.1512e-17
119.45	4.1665e-17
119.49	4.2121e-17
119.54	4.2081e-17
119.59	4.1550e-17
119.64	4.1060e-17
119.69	4.1251e-17
119.74	4.1114e-17
119.79	4.1267e-17
119.84	4.1319e-17
119.89	4.1291e-17
119.94	4.1231e-17
119.99	4.1186e-17
120.04	4.0919e-17
120.09	4.0495e-17
120.14	4.0735e-17
120.19	4.0428e-17
120.24	4.0841e-17
120.29	4.1035e-17
120.34	4.0696e-17
120.39	4.0468e-17
120.44	4.0354e-17
120.49	4.0452e-17
120.54	4.0244e-17
120.59	4.0326e-17
120.64	4.0410e-17
120.69	4.0116e-17
120.74	4.0194e-17
120.79	4.0027e-17
120.84	3.9860e-17
120.89	3.9730e-17
120.94	3.9622e-17
120.99	3.9686e-17
121.04	3.9960e-17
121.09	3.9959e-17
121.14	3.9894e-17
121.19	3.9674e-17
121.24	3.9748e-17
121.29	3.9021e-17
121.34	3.9120e-17
121.39	3.9346e-17
121.44	3.9425e-17
121.49	3.9368e-17
121.54	3.9721e-17
121.59	3.9816e-17
121.64	3.9521e-17
121.69	3.9009e-17
121.74	3.8678e-17
121.79	3.8887e-17
121.84	3.9501e-17
121.89	3.8456e-17
121.94	3.9803e-17
121.99	3.8159e-17
122.04	3.8229e-17
122.09	3.8690e-17
122.14	3.7967e-17
122.19	3.8663e-17
122.24	3.8739e-17
122.29	3.7880e-17
122.34	3.8097e-17
122.39	3.8166e-17
122.44	3.8528e-17
122.49	3.7782e-17
122.54	3.7480e-17
122.59	3.7248e-17
122.64	3.7570e-17
122.69	3.8360e-17
122.74	3.8244e-17
122.79	3.7334e-17
122.84	3.7476e-17
122.89	3.7084e-17
122.94	3.6940e-17
122.99	3.7506e-17
123.04	3.7598e-17
123.09	3.6919e-17
123.14	3.6814e-17
123.19	3.6530e-17
123.24	3.6768e-17
123.29	3.7162e-17
123.34	3.6585e-17
123.39	3.5840e-17
123.44	3.5889e-17
123.49	3.8376e-17
123.54	3.6739e-17
123.59	3.6377e-17
123.64	3.7273e-17
123.69	3.6561e-17
123.74	3.6358e-17
123.79	3.6055e-17
123.84	3.6317e-17
123.89	3.6531e-17
123.94	3.6135e-17
123.99	3.5438e-17
124.04	3.5701e-17
124.09	3.5798e-17
124.14	3.6129e-17
124.19	3.7663e-17
124.24	3.6527e-17
124.29	3.6078e-17
124.34	3.5895e-17
124.39	3.6356e-17
124.44	3.7693e-17
124.49	3.5609e-17
124.54	3.5249e-17
124.59	3.5025e-17
124.64	3.5667e-17
124.69	3.4388e-17
124.74	3.5160e-17
124.79	3.5166e-17
124.84	3.5619e-17
124.89	3.5023e-17
124.94	3.4687e-17
124.99	3.4374e-17
125.04	3.5042e-17
125.09	3.4979e-17
125.14	3.4862e-17
125.19	3.5251e-17
125.24	3.7431e-17
125.29	3.6097e-17
125.34	3.5721e-17
125.39	3.5183e-17
125.44	3.4474e-17
125.49	3.4241e-17
125.54	3.4901e-17
125.59	3.6082e-17
125.64	3.6704e-17
125.69	3.4393e-17
125.74	3.4157e-17
125.79	3.4004e-17
125.84	3.4677e-17
125.89	3.4388e-17
125.94	3.3767e-17
125.99	3.3918e-17
126.04	3.3953e-17
126.09	3.3840e-17
126.14	3.4163e-17
126.19	3.5350e-17
126.24	3.5133e-17
126.29	3.3764e-17
126.34	3.3059e-17
126.39	3.3832e-17
126.44	3.3912e-17
126.49	3.3310e-17
126.54	3.2816e-17
126.59	3.2674e-17
126.64	3.2369e-17
126.69	3.2777e-17
126.74	3.3781e-17
126.79	3.3713e-17
126.84	3.3953e-17
126.89	3.3390e-17
126.94	3.4599e-17
126.99	3.4534e-17
127.04	3.3426e-17
127.09	3.4488e-17
127.14	3.4564e-17
127.19	3.4632e-17
127.24	3.3831e-17
127.29	3.2739e-17
127.34	3.1884e-17
127.39	3.1542e-17
127.44	3.1857e-17
127.49	3.1908e-17
127.54	3.1805e-17
127.59	3.2670e-17
127.64	3.4085e-17
127.69	3.3883e-17
127.74	3.2203e-17
127.79	3.2270e-17
127.84	3.2748e-17
127.89	3.3065e-17
127.94	3.2136e-17
127.99	3.1915e-17
128.04	3.1537e-17
128.09	3.1316e-17
128.14	3.1499e-17
128.19	3.1483e-17
128.24	3.0570e-17
128.29	3.0505e-17
128.34	3.0852e-17
128.39	3.0543e-17
128.44	3.0402e-17
128.49	3.0925e-17
128.54	3.1312e-17
128.59	3.2108e-17
128.64	3.2401e-17
128.69	3.2028e-17
128.74	3.1589e-17
128.78	3.1743e-17
128.83	3.1568e-17
128.88	3.0373e-17
128.93	3.0363e-17
128.98	3.0133e-17
129.00	2.9890e-17
129.02	2.9690e-17
129.04	2.9403e-17
129.06	2.9234e-17
129.08	2.9328e-17
129.10	2.8907e-17
129.12	2.8890e-17
129.14	2.9255e-17
129.16	2.9347e-17
129.18	2.9603e-17
129.20	2.9953e-17
129.22	3.0137e-17
129.24	2.9675e-17
129.26	2.9802e-17
129.28	2.9894e-17
129.30	2.9326e-17
129.32	2.9135e-17
129.34	2.9235e-17
129.36	2.9256e-17
129.38	2.9253e-17
129.40	2.9102e-17
129.42	2.8945e-17
129.44	2.9042e-17
129.46	2.9029e-17
129.48	2.9046e-17
129.50	2.8695e-17
129.52	2.8637e-17
129.54	2.8903e-17
129.56	2.8659e-17
129.58	2.9042e-17
129.60	2.9470e-17
129.62	2.9567e-17
129.64	2.9244e-17
129.66	2.9195e-17
129.68	2.9090e-17
129.70	2.9272e-17
129.72	2.9347e-17
129.74	2.9087e-17
129.76	2.9271e-17
129.78	2.9135e-17
129.80	2.9299e-17
129.82	2.9542e-17
129.84	2.9658e-17
129.86	3.0246e-17
129.88	3.0287e-17
129.90	3.0351e-17
129.92	3.0447e-17
129.94	3.0508e-17
129.96	3.0749e-17
129.98	3.0476e-17
130.00	3.0692e-17
130.02	3.0767e-17
130.04	3.0989e-17
130.06	3.1603e-17
130.08	3.2078e-17
130.10	3.3052e-17
130.12	3.3608e-17
130.14	3.4088e-17
130.16	3.3355e-17
130.18	3.2730e-17
130.20	3.2068e-17
130.22	3.1737e-17
130.24	3.1254e-17
130.26	3.1692e-17
130.28	3.1466e-17
130.30	3.1184e-17
130.32	3.1061e-17
130.34	3.0533e-17
130.36	3.0456e-17
130.38	3.0298e-17
130.40	2.9870e-17
130.42	2.9912e-17
130.44	3.0047e-17
130.46	3.0672e-17
130.48	3.0836e-17
130.50	3.1166e-17
130.52	3.1166e-17
130.54	3.0590e-17
130.56	2.9493e-17
130.58	2.8859e-17
130.60	2.8407e-17
130.62	2.7756e-17
130.64	2.7598e-17
130.66	2.7232e-17
130.68	2.7067e-17
130.70	2.7119e-17
130.72	2.7144e-17
130.74	2.7261e-17
130.76	2.7027e-17
130.78	2.6891e-17
130.80	2.6894e-17
130.82	2.7138e-17
130.84	2.6793e-17
130.86	2.6625e-17
130.88	2.6860e-17
130.90	2.6573e-17
130.92	2.6706e-17
130.94	2.6935e-17
130.96	2.7111e-17
130.98	2.7339e-17
131.00	2.7626e-17
131.02	2.7936e-17
131.04	2.7674e-17
131.06	2.7677e-17
131.08	2.7305e-17
131.10	2.6827e-17
131.12	2.6504e-17
131.14	2.6488e-17
131.16	2.6496e-17
131.18	2.6119e-17
131.20	2.5894e-17
131.22	2.5710e-17
131.24	2.5836e-17
131.26	2.5618e-17
131.28	2.5479e-17
131.30	2.5213e-17
131.32	2.5214e-17
131.34	2.5326e-17
131.36	2.5134e-17
131.38	2.5695e-17
131.40	2.5715e-17
131.42	2.6034e-17
131.44	2.6211e-17
131.46	2.6562e-17
131.48	2.6844e-17
131.50	2.7209e-17
131.52	2.7570e-17
131.54	2.7705e-17
131.56	2.7731e-17
131.58	2.7298e-17
131.60	2.7136e-17
131.62	2.6532e-17
131.64	2.6423e-17
131.66	2.5873e-17
131.68	2.5908e-17
131.70	2.5554e-17
131.72	2.5666e-17
131.74	2.5766e-17
131.76	2.5752e-17
131.78	2.5551e-17
131.80	2.5586e-17
131.82	2.5613e-17
131.84	2.5484e-17
131.86	2.5245e-17
131.88	2.5040e-17
131.90	2.4969e-17
131.92	2.4996e-17
131.94	2.4863e-17
131.96	2.4826e-17
131.98	2.5145e-17
132.00	2.5336e-17
132.02	2.5301e-17
132.04	2.5299e-17
132.06	2.5570e-17
132.08	2.5673e-17
132.10	2.6403e-17
132.12	2.6492e-17
132.14	2.7144e-17
132.16	2.7518e-17
132.18	2.7541e-17
132.20	2.7544e-17
132.22	2.7565e-17
132.24	2.7305e-17
132.26	2.6908e-17
132.28	2.6862e-17
132.30	2.6196e-17
132.32	2.5806e-17
132.34	2.5477e-17
132.36	2.5062e-17
132.38	2.5255e-17
132.40	2.5117e-17
132.42	2.5514e-17
132.44	2.5535e-17
132.46	2.5495e-17
132.48	2.5507e-17
132.50	2.5710e-17
132.52	2.5948e-17
132.54	2.6194e-17
132.56	2.6218e-17
132.58	2.5969e-17
132.60	2.5899e-17
132.62	2.5362e-17
132.64	2.5412e-17
132.66	2.5177e-17
132.68	2.5208e-17
132.70	2.5140e-17
132.72	2.4956e-17
132.74	2.4756e-17
132.76	2.4813e-17
132.78	2.4663e-17
132.80	2.5029e-17
132.82	2.5289e-17
132.84	2.5520e-17
132.86	2.5645e-17
132.88	2.5404e-17
132.90	2.5390e-17
132.92	2.5250e-17
132.94	2.4813e-17
132.96	2.4288e-17
132.98	2.3958e-17
133.00	2.3474e-17
133.02	2.3065e-17
133.04	2.2919e-17
133.06	2.2635e-17
133.08	2.2493e-17
133.10	2.2330e-17
133.12	2.2343e-17
133.14	2.2073e-17
133.16	2.1761e-17
133.18	2.1758e-17
133.20	2.1651e-17
133.22	2.1349e-17
133.24	2.1488e-17
133.26	2.1488e-17
133.28	2.1229e-17
133.30	2.1260e-17
133.32	2.1317e-17
133.34	2.1195e-17
133.36	2.1153e-17
133.38	2.1178e-17
133.40	2.1210e-17
133.42	2.1302e-17
133.44	2.1065e-17
133.46	2.1212e-17
133.48	2.1008e-17
133.50	2.1192e-17
133.52	2.1322e-17
133.54	2.1009e-17
133.56	2.1166e-17
133.58	2.1230e-17
133.60	2.1130e-17
133.62	2.1218e-17
133.64	2.1563e-17
133.66	2.1599e-17
133.68	2.1923e-17
133.70	2.2391e-17
133.72	2.2771e-17
133.74	2.3141e-17
133.76	2.2958e-17
133.78	2.2819e-17
133.80	2.2412e-17
133.82	2.2018e-17
133.84	2.1769e-17
133.86	2.1442e-17
133.88	2.1455e-17
133.90	2.1287e-17
133.92	2.1369e-17
133.94	2.1383e-17
133.96	2.1518e-17
133.98	2.1637e-17
134.00	2.1488e-17
134.02	2.1204e-17
134.04	2.1524e-17
134.06	2.1515e-17
134.08	2.1551e-17
134.10	2.1635e-17
134.12	2.1620e-17
134.14	2.2008e-17
134.16	2.2436e-17
134.18	2.2561e-17
134.20	2.2877e-17
134.22	2.2915e-17
134.24	2.3307e-17
134.26	2.3712e-17
134.28	2.3867e-17
134.30	2.4067e-17
134.32	2.3903e-17
134.34	2.3611e-17
134.36	2.3288e-17
134.38	2.2739e-17
134.40	2.2517e-17
134.42	2.2242e-17
134.44	2.2135e-17
134.46	2.1887e-17
134.48	2.1757e-17
134.50	2.1498e-17
134.52	2.1555e-17
134.54	2.1640e-17
134.56	2.1588e-17
134.58	2.1536e-17
134.60	2.1420e-17
134.62	2.1273e-17
134.64	2.1011e-17
134.66	2.1172e-17
134.68	2.1214e-17
134.70	2.1209e-17
134.72	2.1088e-17
134.74	2.1095e-17
134.76	2.1176e-17
134.78	2.0822e-17
134.80	2.0835e-17
134.82	2.0761e-17
134.84	2.0421e-17
134.86	2.0276e-17
134.88	2.0257e-17
134.90	2.0151e-17
134.92	2.0099e-17
134.94	2.0176e-17
134.96	1.9844e-17
134.98	1.9955e-17
135.00	1.9991e-17
135.02	2.0065e-17
135.04	2.0205e-17
135.06	2.0218e-17
135.08	2.0161e-17
135.10	2.0208e-17
135.12	2.0138e-17
135.14	1.9926e-17
135.16	1.9856e-17
135.18	2.0027e-17
135.20	1.9854e-17
135.22	1.9958e-17
135.24	1.9756e-17
135.26	1.9983e-17
135.28	1.9665e-17
135.30	1.9767e-17
135.32	2.0049e-17
135.34	2.0039e-17
135.36	2.0333e-17
135.38	2.0349e-17
135.40	2.0525e-17
135.42	2.0634e-17
135.44	2.0666e-17
135.46	2.0809e-17
135.48	2.0832e-17
135.50	2.0954e-17
135.52	2.0998e-17
135.54	2.0973e-17
135.56	2.1041e-17
135.58	2.1151e-17
135.60	2.1418e-17
135.62	2.1601e-17
135.64	2.1580e-17
135.66	2.1854e-17
135.68	2.2078e-17
135.70	2.2179e-17
135.72	2.2425e-17
135.74	2.2478e-17
135.76	2.2646e-17
135.78	2.2430e-17
135.80	2.2374e-17
135.82	2.2323e-17
135.84	2.2247e-17
135.86	2.2021e-17
135.88	2.2162e-17
135.90	2.2098e-17
135.92	2.2166e-17
135.94	2.2165e-17
135.96	2.1933e-17
135.98	2.1877e-17
136.00	2.1682e-17
136.02	2.1669e-17
136.04	2.1655e-17
136.06	2.1722e-17
136.08	2.1690e-17
136.10	2.1641e-17
136.12	2.1457e-17
136.14	2.1783e-17
136.16	2.1506e-17
136.18	2.1647e-17
136.20	2.1721e-17
136.22	2.1848e-17
136.24	2.1786e-17
136.26	2.1946e-17
136.28	2.2053e-17
136.30	2.2082e-17
136.32	2.2231e-17
136.34	2.2172e-17
136.36	2.2349e-17
136.38	2.2406e-17
136.40	2.2600e-17
136.42	2.2590e-17
136.44	2.3063e-17
136.46	2.3447e-17
136.48	2.3450e-17
136.50	2.3726e-17
136.52	2.3935e-17
136.54	2.4216e-17
136.56	2.4416e-17
136.58	2.4630e-17
136.60	2.4972e-17
136.62	2.5561e-17
136.64	2.6055e-17
136.66	2.6337e-17
136.68	2.6474e-17
136.70	2.6708e-17
136.72	2.6597e-17
136.74	2.6291e-17
136.76	2.6151e-17
136.78	2.5870e-17
136.80	2.5692e-17
136.82	2.5428e-17
136.84	2.5417e-17
136.86	2.5447e-17
136.88	2.5456e-17
136.90	2.5284e-17
136.92	2.5024e-17
136.94	2.4692e-17
136.96	2.4666e-17
136.98	2.4429e-17
137.00	2.4551e-17
137.02	2.4447e-17
137.04	2.4608e-17
137.06	2.4589e-17
137.08	2.4914e-17
137.10	2.5220e-17
137.12	2.5392e-17
137.14	2.5750e-17
137.16	2.5789e-17
137.18	2.6131e-17
137.20	2.6213e-17
137.22	2.6250e-17
137.24	2.5761e-17
137.26	2.5266e-17
137.28	2.4721e-17
137.30	2.4143e-17
137.32	2.3870e-17
137.34	2.3547e-17
137.36	2.2975e-17
137.38	2.2897e-17
137.40	2.2550e-17
137.42	2.2326e-17
137.44	2.2166e-17
137.46	2.2330e-17
137.48	2.1996e-17
137.50	2.2058e-17
137.52	2.2098e-17
137.54	2.1990e-17
137.56	2.2161e-17
137.58	2.2243e-17
137.60	2.2654e-17
137.62	2.2816e-17
137.64	2.3116e-17
137.66	2.3277e-17
137.68	2.3203e-17
137.70	2.2910e-17
137.72	2.2784e-17
137.74	2.2599e-17
137.76	2.2535e-17
137.78	2.2514e-17
137.80	2.2576e-17
137.82	2.2559e-17
137.84	2.2648e-17
137.86	2.2940e-17
137.88	2.2940e-17
137.90	2.3355e-17
137.92	2.3306e-17
137.94	2.3361e-17
137.96	2.3335e-17
137.98	2.3362e-17
138.00	2.3246e-17
138.02	2.3142e-17
138.04	2.3160e-17
138.06	2.3092e-17
138.08	2.3379e-17
138.10	2.3540e-17
138.12	2.3790e-17
138.14	2.3918e-17
138.16	2.4132e-17
138.18	2.4017e-17
138.20	2.3964e-17
138.22	2.4050e-17
138.24	2.3822e-17
138.26	2.3569e-17
138.28	2.3073e-17
138.30	2.2759e-17
138.32	2.2384e-17
138.34	2.1819e-17
138.36	2.1566e-17
138.38	2.1207e-17
138.40	2.0955e-17
138.42	2.0745e-17
138.44	2.0509e-17
138.46	2.0383e-17
138.48	2.0016e-17
138.50	1.9996e-17
138.52	2.0146e-17
138.54	1.9956e-17
138.56	1.9812e-17
138.58	1.9551e-17
138.60	1.9566e-17
138.62	1.9396e-17
138.64	1.9532e-17
138.66	1.9137e-17
138.68	1.9171e-17
138.70	1.8910e-17
138.72	1.9106e-17
138.74	1.8937e-17
138.76	1.8741e-17
138.78	1.8664e-17
138.80	1.8712e-17
138.82	1.8663e-17
138.84	1.8599e-17
138.86	1.8896e-17
138.88	1.8725e-17
138.90	1.8576e-17
138.92	1.8947e-17
138.94	1.8790e-17
138.96	1.8831e-17
138.98	1.9069e-17
139.00	1.9058e-17
139.02	1.9153e-17
139.04	1.9251e-17
139.06	1.9356e-17
139.08	1.9393e-17
139.10	1.9298e-17
139.12	1.9517e-17
139.14	1.9316e-17
139.16	1.9389e-17
139.18	1.9416e-17
139.20	1.9306e-17
139.22	1.9349e-17
139.24	1.9239e-17
139.26	1.9272e-17
139.28	1.9152e-17
139.30	1.9146e-17
139.32	1.9085e-17
139.34	1.9026e-17
139.36	1.9067e-17
139.38	1.9052e-17
139.40	1.8822e-17
139.42	1.9139e-17
139.44	1.9177e-17
139.46	1.8951e-17
139.48	1.9009e-17
139.50	1.9021e-17
139.52	1.9025e-17
139.54	1.9004e-17
139.56	1.9127e-17
139.58	1.9054e-17
139.60	1.9095e-17
139.62	1.8976e-17
139.64	1.8808e-17
139.66	1.8908e-17
139.68	1.8801e-17
139.70	1.8907e-17
139.72	1.8824e-17
139.74	1.9034e-17
139.76	1.8962e-17
139.78	1.9108e-17
139.80	1.9186e-17
139.82	1.9278e-17
139.84	1.9376e-17
139.86	1.9125e-17
139.88	1.9218e-17
139.90	1.9104e-17
139.92	1.9150e-17
139.94	1.8870e-17
139.96	1.9082e-17
139.98	1.9222e-17
140.00	1.9117e-17
140.02	1.9152e-17
140.04	1.9177e-17
140.06	1.9156e-17
140.08	1.9408e-17
140.10	1.9454e-17
140.12	1.9298e-17
140.14	1.9637e-17
140.16	1.9698e-17
140.18	1.9883e-17
140.20	2.0056e-17
140.22	2.0069e-17
140.24	2.0194e-17
140.26	2.0284e-17
140.28	2.0368e-17
140.30	2.0284e-17
140.32	2.0336e-17
140.34	2.0417e-17
140.36	2.0509e-17
140.38	2.0559e-17
140.40	2.0730e-17
140.42	2.0678e-17
140.44	2.1071e-17
140.46	2.0786e-17
140.48	2.1056e-17
140.50	2.1181e-17
140.52	2.1272e-17
140.54	2.1142e-17
140.56	2.1400e-17
140.58	2.1632e-17
140.60	2.1785e-17
140.62	2.1601e-17
140.64	2.1689e-17
140.66	2.1744e-17
140.68	2.1737e-17
140.70	2.1630e-17
140.72	2.1627e-17
140.74	2.1509e-17
140.76	2.1492e-17
140.78	2.1438e-17
140.80	2.1554e-17
140.82	2.1522e-17
140.84	2.1361e-17
140.86	2.1418e-17
140.88	2.1635e-17
140.90	2.1446e-17
140.92	2.1563e-17
140.94	2.1648e-17
140.96	2.1729e-17
140.98	2.1790e-17
141.00	2.1610e-17
141.02	2.1750e-17
141.04	2.1902e-17
141.06	2.2044e-17
141.08	2.2030e-17
141.10	2.2174e-17
141.12	2.2343e-17
141.14	2.2523e-17
141.16	2.2559e-17
141.18	2.2850e-17
141.20	2.3105e-17
141.22	2.3316e-17
141.24	2.3544e-17
141.26	2.3937e-17
141.28	2.4250e-17
141.30	2.4482e-17
141.32	2.4710e-17
141.34	2.4989e-17
141.36	2.5479e-17
141.38	2.5469e-17
141.40	2.5390e-17
141.42	2.5498e-17
141.44	2.5079e-17
141.46	2.4620e-17
141.48	2.4257e-17
141.50	2.3615e-17
141.52	2.3085e-17
141.54	2.2490e-17
141.56	2.2167e-17
141.58	2.1533e-17
141.60	2.1202e-17
141.62	2.0892e-17
141.64	2.0504e-17
141.66	2.0230e-17
141.68	1.9857e-17
141.70	1.9550e-17
141.72	1.9382e-17
141.74	1.9262e-17
141.76	1.9111e-17
141.78	1.9064e-17
141.80	1.8889e-17
141.82	1.8601e-17
141.84	1.8856e-17
141.86	1.8734e-17
141.88	1.8684e-17
141.90	1.8796e-17
141.92	1.8744e-17
141.94	1.8594e-17
141.96	1.8780e-17
141.98	1.8539e-17
142.00	1.8520e-17
142.02	1.8701e-17
142.04	1.8591e-17
142.06	1.8593e-17
142.08	1.8483e-17
142.10	1.8619e-17
142.12	1.8608e-17
142.14	1.8606e-17
142.16	1.8575e-17
142.18	1.8796e-17
142.20	1.8682e-17
142.22	1.8805e-17
142.24	1.8740e-17
142.26	1.8777e-17
142.28	1.8710e-17
142.30	1.8661e-17
142.32	1.8720e-17
142.34	1.8871e-17
142.36	1.8706e-17
142.38	1.8632e-17
142.40	1.8752e-17
142.42	1.8590e-17
142.44	1.8685e-17
142.46	1.8363e-17
142.48	1.8506e-17
142.50	1.8157e-17
142.52	1.8046e-17
142.54	1.8042e-17
142.56	1.8078e-17
142.58	1.8106e-17
142.60	1.8211e-17
142.62	1.8286e-17
142.64	1.8291e-17
142.66	1.8394e-17
142.68	1.8372e-17
142.70	1.8043e-17
142.72	1.8154e-17
142.74	1.8018e-17
142.76	1.8059e-17
142.78	1.7811e-17
142.80	1.7761e-17
142.82	1.7797e-17
142.84	1.7754e-17
142.86	1.7739e-17
142.88	1.7553e-17
142.90	1.7640e-17
142.92	1.7669e-17
142.94	1.7529e-17
142.96	1.7517e-17
142.98	1.7482e-17
143.00	1.7471e-17
143.02	1.7438e-17
143.04	1.7447e-17
143.06	1.7348e-17
143.08	1.7224e-17
143.10	1.7369e-17
143.12	1.7412e-17
143.14	1.7391e-17
143.16	1.7579e-17
143.18	1.7517e-17
143.20	1.7553e-17
143.22	1.7508e-17
143.24	1.7586e-17
143.26	1.7496e-17
143.28	1.7724e-17
143.30	1.7727e-17
143.32	1.7693e-17
143.34	1.7569e-17
143.36	1.7712e-17
143.38	1.7602e-17
143.40	1.7638e-17
143.42	1.7636e-17
143.44	1.7657e-17
143.46	1.7719e-17
143.48	1.7732e-17
143.50	1.7767e-17
143.52	1.7775e-17
143.54	1.7960e-17
143.56	1.8159e-17
143.58	1.7998e-17
143.60	1.8208e-17
143.62	1.8115e-17
143.64	1.8263e-17
143.66	1.8468e-17
143.68	1.8544e-17
143.70	1.8536e-17
143.72	1.8507e-17
143.74	1.8714e-17
143.76	1.8654e-17
143.78	1.8478e-17
143.80	1.8601e-17
143.82	1.8529e-17
143.84	1.8745e-17
143.86	1.8767e-17
143.88	1.8636e-17
143.90	1.8771e-17
143.92	1.8650e-17
143.94	1.8679e-17
143.96	1.8753e-17
143.98	1.8647e-17
144.00	1.8755e-17
144.02	1.8933e-17
144.04	1.8927e-17
144.06	1.9070e-17
144.08	1.9006e-17
144.10	1.9206e-17
144.12	1.9254e-17
144.14	1.9310e-17
144.16	1.9611e-17
144.18	1.9756e-17
144.20	1.9812e-17
144.22	1.9703e-17
144.24	2.0247e-17
144.26	2.0176e-17
144.28	2.0402e-17
144.30	2.0567e-17
144.32	2.0616e-17
144.34	2.0853e-17
144.36	2.1082e-17
144.38	2.1196e-17
144.40	2.1490e-17
144.42	2.1390e-17
144.44	2.1528e-17
144.46	2.1591e-17
144.48	2.1688e-17
144.50	2.1645e-17
144.52	2.1831e-17
144.54	2.1979e-17
144.56	2.2086e-17
144.58	2.2178e-17
144.60	2.2280e-17
144.62	2.2288e-17
144.64	2.2320e-17
144.66	2.2128e-17
144.68	2.2152e-17
144.70	2.2253e-17
144.72	2.2192e-17
144.74	2.1915e-17
144.76	2.1735e-17
144.78	2.1447e-17
144.80	2.1377e-17
144.82	2.1026e-17
144.84	2.0795e-17
144.86	2.0898e-17
144.88	2.0618e-17
144.90	2.0659e-17
144.92	2.0330e-17
144.94	2.0437e-17
144.96	2.0302e-17
144.98	2.0324e-17
145.00	2.0093e-17
145.02	2.0235e-17
145.04	2.0241e-17
145.06	2.0243e-17
145.08	2.0218e-17
145.10	2.0156e-17
145.12	2.0295e-17
145.14	2.0091e-17
145.16	2.0058e-17
145.18	2.0257e-17
145.20	2.0126e-17
145.22	2.0265e-17
145.24	2.0153e-17
145.26	2.0264e-17
145.28	2.0214e-17
145.30	2.0168e-17
145.32	2.0298e-17
145.34	2.0223e-17
145.36	2.0264e-17
145.38	2.0276e-17
145.40	2.0290e-17
145.42	2.0368e-17
145.44	2.0377e-17
145.46	2.0220e-17
145.48	2.0173e-17
145.50	2.0249e-17
145.52	2.0349e-17
145.54	2.0254e-17
145.56	2.0259e-17
145.58	2.0285e-17
145.60	2.0270e-17
145.62	2.0227e-17
145.64	2.0387e-17
145.66	2.0384e-17
145.68	2.0467e-17
145.70	2.0462e-17
145.72	2.0586e-17
145.74	2.0695e-17
145.76	2.0530e-17
145.78	2.0639e-17
145.80	2.0519e-17
145.82	2.0539e-17
145.84	2.0505e-17
145.86	2.0540e-17
145.88	2.0591e-17
145.90	2.0679e-17
145.92	2.0621e-17
145.94	2.0792e-17
145.96	2.0873e-17
145.98	2.0687e-17
146.00	2.1012e-17
146.02	2.0895e-17
146.04	2.1192e-17
146.06	2.1216e-17
146.08	2.1368e-17
146.10	2.1486e-17
146.12	2.1709e-17
146.14	2.1732e-17
146.16	2.2239e-17
146.18	2.2169e-17
146.20	2.2306e-17
146.22	2.2474e-17
146.24	2.2410e-17
146.26	2.2317e-17
146.28	2.2368e-17
146.30	2.2243e-17
146.32	2.2263e-17
146.34	2.2319e-17
146.36	2.2542e-17
146.38	2.2606e-17
146.40	2.2745e-17
146.42	2.2681e-17
146.44	2.2699e-17
146.46	2.2897e-17
146.48	2.2955e-17
146.50	2.2970e-17
146.52	2.3096e-17
146.54	2.3089e-17
146.56	2.3226e-17
146.58	2.3404e-17
146.60	2.3374e-17
146.62	2.3615e-17
146.64	2.3621e-17
146.66	2.3765e-17
146.68	2.3872e-17
146.70	2.3969e-17
146.72	2.4168e-17
146.74	2.4406e-17
146.76	2.4634e-17
146.78	2.5020e-17
146.80	2.5327e-17
146.82	2.5650e-17
146.84	2.5834e-17
146.86	2.6421e-17
146.88	2.6750e-17
146.90	2.7202e-17
146.92	2.7770e-17
146.94	2.8197e-17
146.96	2.8707e-17
146.98	2.8785e-17
147.00	2.8836e-17
147.02	2.8529e-17
147.04	2.8119e-17
147.06	2.7794e-17
147.08	2.7375e-17
147.10	2.7068e-17
147.12	2.6730e-17
147.14	2.6383e-17
147.16	2.6181e-17
147.18	2.6005e-17
147.20	2.5878e-17
147.22	2.5854e-17
147.24	2.5972e-17
147.26	2.6090e-17
147.28	2.6253e-17
147.30	2.6348e-17
147.32	2.6492e-17
147.34	2.6560e-17
147.36	2.6422e-17
147.38	2.6454e-17
147.40	2.6607e-17
147.42	2.6543e-17
147.44	2.6441e-17
147.46	2.6483e-17
147.48	2.6418e-17
147.50	2.6496e-17
147.52	2.6427e-17
147.54	2.6564e-17
147.56	2.6609e-17
147.58	2.6719e-17
147.60	2.6858e-17
147.62	2.7139e-17
147.64	2.7164e-17
147.66	2.7171e-17
147.68	2.7260e-17
147.70	2.7308e-17
147.72	2.7428e-17
147.74	2.7254e-17
147.76	2.7602e-17
147.78	2.8085e-17
147.80	2.8060e-17
147.82	2.8451e-17
147.84	2.8706e-17
147.86	2.8955e-17
147.88	2.9027e-17
147.90	2.9052e-17
147.92	2.9042e-17
147.94	2.9164e-17
147.96	2.9076e-17
147.98	2.9112e-17
148.00	2.9055e-17
148.02	2.9061e-17
148.04	2.9123e-17
148.06	2.9128e-17
148.08	2.9099e-17
148.10	2.9030e-17
148.12	2.9178e-17
148.14	2.9098e-17
148.16	2.9174e-17
148.18	2.9208e-17
148.20	2.9124e-17
148.22	2.9214e-17
148.24	2.9316e-17
148.26	2.9280e-17
148.28	2.9217e-17
148.30	2.9413e-17
148.32	2.9382e-17
148.34	2.9372e-17
148.36	2.9326e-17
148.38	2.9407e-17
148.40	2.9438e-17
148.42	2.9536e-17
148.44	2.9376e-17
148.46	2.9671e-17
148.48	2.9943e-17
148.50	2.9941e-17
148.52	2.9941e-17
148.54	3.0040e-17
148.56	3.0204e-17
148.58	3.0324e-17
148.60	3.0124e-17
148.62	3.0020e-17
148.64	2.9985e-17
148.66	3.0120e-17
148.68	3.0054e-17
148.70	3.0183e-17
148.72	3.0329e-17
148.74	3.0481e-17
148.76	3.0568e-17
148.78	3.0968e-17
148.80	3.0855e-17
148.82	3.0389e-17
148.84	2.9736e-17
148.86	2.9032e-17
148.88	2.8470e-17
148.90	2.7653e-17
148.92	2.7055e-17
148.94	2.6471e-17
148.96	2.6173e-17
148.98	2.5831e-17
149.00	2.5419e-17
149.02	2.5113e-17
149.04	2.4732e-17
149.06	2.4506e-17
149.08	2.4231e-17
149.10	2.3985e-17
149.12	2.3659e-17
149.14	2.3510e-17
149.16	2.3344e-17
149.18	2.3214e-17
149.20	2.2916e-17
149.22	2.2689e-17
149.24	2.2662e-17
149.26	2.2435e-17
149.28	2.2554e-17
149.30	2.2394e-17
149.32	2.2103e-17
149.34	2.2029e-17
149.36	2.1836e-17
149.38	2.1800e-17
149.40	2.1765e-17
149.42	2.1557e-17
149.44	2.1437e-17
149.46	2.1241e-17
149.48	2.1041e-17
149.50	2.0978e-17
149.52	2.0748e-17
149.54	2.0653e-17
149.56	2.0331e-17
149.58	2.0318e-17
149.60	2.0022e-17
149.62	1.9731e-17
149.64	1.9539e-17
149.66	1.9433e-17
149.68	1.9238e-17
149.70	1.8893e-17
149.72	1.8759e-17
149.74	1.8680e-17
149.76	1.8560e-17
149.78	1.8488e-17
149.80	1.8343e-17
149.82	1.8056e-17
149.84	1.7952e-17
149.86	1.7929e-17
149.88	1.7731e-17
149.90	1.7623e-17
149.92	1.7473e-17
149.94	1.7579e-17
149.96	1.7431e-17
149.98	1.7372e-17
150.00	1.7423e-17
150.02	1.7336e-17
150.04	1.7162e-17
150.06	1.6929e-17
150.08	1.6881e-17
150.10	1.6734e-17
150.12	1.6735e-17
150.14	1.6780e-17
150.16	1.6604e-17
150.18	1.6760e-17
150.20	1.6671e-17
150.22	1.6601e-17
150.24	1.6744e-17
150.26	1.6680e-17
150.28	1.6610e-17
150.30	1.6612e-17
150.32	1.6354e-17
150.34	1.6339e-17
150.36	1.6134e-17
150.38	1.6083e-17
150.40	1.6022e-17
150.42	1.5898e-17
150.44	1.5713e-17
150.46	1.5736e-17
150.48	1.5908e-17
150.50	1.5859e-17
150.52	1.5876e-17
150.54	1.5729e-17
150.56	1.5783e-17
150.58	1.5728e-17
150.60	1.5664e-17
150.62	1.5770e-17
150.64	1.5887e-17
150.66	1.5724e-17
150.68	1.5618e-17
150.70	1.5580e-17
150.72	1.5773e-17
150.74	1.5851e-17
150.76	1.5796e-17
150.78	1.5774e-17
150.80	1.5799e-17
150.82	1.5840e-17
150.84	1.5857e-17
150.86	1.5862e-17
150.88	1.5937e-17
150.90	1.5794e-17
150.92	1.6104e-17
150.94	1.6031e-17
150.96	1.6174e-17
150.98	1.6276e-17
151.00	1.6197e-17
151.02	1.6171e-17
151.04	1.6170e-17
151.06	1.6045e-17
151.08	1.6302e-17
151.10	1.6271e-17
151.12	1.6201e-17
151.14	1.6457e-17
151.16	1.6537e-17
151.18	1.6602e-17
151.20	1.6942e-17
151.22	1.6999e-17
151.24	1.7158e-17
151.26	1.7250e-17
151.28	1.7347e-17
151.30	1.7624e-17
151.32	1.7586e-17
151.34	1.7935e-17
151.36	1.8187e-17
151.38	1.8617e-17
151.40	1.8858e-17
151.42	1.9254e-17
151.44	1.9818e-17
151.46	2.0297e-17
151.48	2.1004e-17
151.50	2.1595e-17
151.52	2.1307e-17
151.54	2.0706e-17
151.56	2.0283e-17
151.58	1.9866e-17
151.60	1.9288e-17
151.62	1.9013e-17
151.64	1.8837e-17
151.66	1.8354e-17
151.68	1.8242e-17
151.70	1.7949e-17
151.72	1.7627e-17
151.74	1.7430e-17
151.76	1.7310e-17
151.78	1.7033e-17
151.80	1.6567e-17
151.82	1.6464e-17
151.84	1.6119e-17
151.86	1.6001e-17
151.88	1.5658e-17
151.90	1.5356e-17
151.92	1.5208e-17
151.94	1.5058e-17
151.96	1.4802e-17
151.98	1.4738e-17
152.00	1.4580e-17
152.02	1.4337e-17
152.04	1.4177e-17
152.06	1.4119e-17
152.08	1.4088e-17
152.10	1.4010e-17
152.12	1.3734e-17
152.14	1.3688e-17
152.16	1.3538e-17
152.18	1.3483e-17
152.20	1.3321e-17
152.22	1.3242e-17
152.24	1.3187e-17
152.26	1.3054e-17
152.28	1.2995e-17
152.30	1.2880e-17
152.32	1.3019e-17
152.34	1.2979e-17
152.36	1.2828e-17
152.38	1.2662e-17
152.40	1.2786e-17
152.42	1.2639e-17
152.44	1.2744e-17
152.46	1.2590e-17
152.48	1.2570e-17
152.50	1.2488e-17
152.52	1.2458e-17
152.54	1.2361e-17
152.56	1.2475e-17
152.58	1.2333e-17
152.60	1.2348e-17
152.62	1.2300e-17
152.64	1.2374e-17
152.66	1.2209e-17
152.68	1.2203e-17
152.70	1.2214e-17
152.72	1.2222e-17
152.74	1.2152e-17
152.76	1.2121e-17
152.78	1.2152e-17
152.80	1.2228e-17
152.82	1.2010e-17
152.84	1.2300e-17
152.86	1.2192e-17
152.88	1.2187e-17
152.90	1.2230e-17
152.92	1.2322e-17
152.94	1.2361e-17
152.96	1.2331e-17
152.98	1.2359e-17
153.00	1.2383e-17
153.02	1.2454e-17
153.04	1.2486e-17
153.06	1.2575e-17
153.08	1.2547e-17
153.10	1.2814e-17
153.12	1.2938e-17
153.14	1.2874e-17
153.16	1.3019e-17
153.18	1.2854e-17
153.20	1.2991e-17
153.22	1.2850e-17
153.24	1.2910e-17
153.26	1.2901e-17
153.28	1.3034e-17
153.30	1.2912e-17
153.32	1.2710e-17
153.34	1.2717e-17
153.36	1.2621e-17
153.38	1.2591e-17
153.40	1.2412e-17
153.42	1.2459e-17
153.44	1.2377e-17
153.46	1.2386e-17
153.48	1.2132e-17
153.50	1.2404e-17
153.52	1.2308e-17
153.54	1.2311e-17
153.56	1.2337e-17
153.58	1.2084e-17
153.60	1.2064e-17
153.62	1.2041e-17
153.64	1.2114e-17
153.66	1.2041e-17
153.68	1.2055e-17
153.70	1.2117e-17
153.72	1.1970e-17
153.74	1.1928e-17
153.76	1.1852e-17
153.78	1.1988e-17
153.80	1.1909e-17
153.82	1.1911e-17
153.84	1.1799e-17
153.86	1.1783e-17
153.88	1.1738e-17
153.90	1.1850e-17
153.92	1.1741e-17
153.94	1.1714e-17
153.96	1.1682e-17
153.98	1.1803e-17
154.00	1.1792e-17
154.02	1.1649e-17
154.04	1.1689e-17
154.06	1.1657e-17
154.08	1.1749e-17
154.10	1.1638e-17
154.12	1.1761e-17
154.14	1.1778e-17
154.16	1.1684e-17
154.18	1.1712e-17
154.20	1.1689e-17
154.22	1.1828e-17
154.24	1.1956e-17
154.26	1.1787e-17
154.28	1.1660e-17
154.30	1.1804e-17
154.32	1.1950e-17
154.34	1.1898e-17
154.36	1.1759e-17
154.38	1.1764e-17
154.40	1.1787e-17
154.42	1.1662e-17
154.44	1.1859e-17
154.46	1.1949e-17
154.48	1.1874e-17
154.50	1.1809e-17
154.52	1.1825e-17
154.54	1.2028e-17
154.56	1.2029e-17
154.58	1.1895e-17
154.60	1.1990e-17
154.62	1.1892e-17
154.64	1.1854e-17
154.66	1.1745e-17
154.68	1.1834e-17
154.70	1.1891e-17
154.72	1.1982e-17
154.74	1.1998e-17
154.76	1.1996e-17
154.78	1.2066e-17
154.80	1.1871e-17
154.82	1.2019e-17
154.84	1.2052e-17
154.86	1.2099e-17
154.88	1.2161e-17
154.90	1.2203e-17
154.92	1.2253e-17
154.94	1.2240e-17
154.96	1.2256e-17
154.98	1.2397e-17
155.00	1.2539e-17
155.02	1.2425e-17
155.04	1.2447e-17
155.06	1.2464e-17
155.08	1.2408e-17
155.10	1.2528e-17
155.12	1.2493e-17
155.14	1.2578e-17
155.16	1.2549e-17
155.18	1.2786e-17
155.20	1.2668e-17
155.22	1.2840e-17
155.24	1.2737e-17
155.26	1.2930e-17
155.28	1.2818e-17
155.30	1.2967e-17
155.32	1.2793e-17
155.34	1.2978e-17
155.36	1.2968e-17
155.38	1.3153e-17
155.40	1.3121e-17
155.42	1.3092e-17
155.44	1.3231e-17
155.46	1.3120e-17
155.48	1.3185e-17
155.50	1.3289e-17
155.52	1.3319e-17
155.54	1.3299e-17
155.56	1.3351e-17
155.58	1.3598e-17
155.60	1.3598e-17
155.62	1.3572e-17
155.64	1.3625e-17
155.66	1.3527e-17
155.68	1.3655e-17
155.70	1.3650e-17
155.72	1.3872e-17
155.74	1.3878e-17
155.76	1.3787e-17
155.78	1.3834e-17
155.80	1.3916e-17
155.82	1.3992e-17
155.84	1.4027e-17
155.86	1.4025e-17
155.88	1.3971e-17
155.90	1.4032e-17
155.92	1.4097e-17
155.94	1.4177e-17
155.96	1.4111e-17
155.98	1.4168e-17
156.00	1.4223e-17
156.02	1.4163e-17
156.04	1.4156e-17
156.06	1.4230e-17
156.08	1.4195e-17
156.10	1.4155e-17
156.12	1.4250e-17
156.14	1.4396e-17
156.16	1.4254e-17
156.18	1.4427e-17
156.20	1.4238e-17
156.22	1.4440e-17
156.24	1.4462e-17
156.26	1.4377e-17
156.28	1.4430e-17
156.30	1.4498e-17
156.32	1.4462e-17
156.34	1.4537e-17
156.36	1.4537e-17
156.38	1.4618e-17
156.40	1.4614e-17
156.42	1.4611e-17
156.44	1.4846e-17
156.46	1.4605e-17
156.48	1.4681e-17
156.50	1.4772e-17
156.52	1.4867e-17
156.54	1.4875e-17
156.56	1.5052e-17
156.58	1.5041e-17
156.60	1.5168e-17
156.62	1.5076e-17
156.64	1.5213e-17
156.66	1.5337e-17
156.68	1.5347e-17
156.70	1.5466e-17
156.72	1.5561e-17
156.74	1.5628e-17
156.76	1.5682e-17
156.78	1.5710e-17
156.80	1.5716e-17
156.82	1.5654e-17
156.84	1.5725e-17
156.86	1.5705e-17
156.88	1.5676e-17
156.90	1.5485e-17
156.92	1.5647e-17
156.94	1.5516e-17
156.96	1.5515e-17
156.98	1.5568e-17
157.00	1.5488e-17
157.02	1.5469e-17
157.04	1.5415e-17
157.06	1.5480e-17
157.08	1.5385e-17
157.10	1.5377e-17
157.12	1.5415e-17
157.14	1.5481e-17
157.16	1.5574e-17
157.18	1.5462e-17
157.20	1.5420e-17
157.22	1.5487e-17
157.24	1.5456e-17
157.26	1.5444e-17
157.28	1.5417e-17
157.30	1.5532e-17
157.32	1.5520e-17
157.34	1.5401e-17
157.36	1.5276e-17
157.38	1.5374e-17
157.40	1.5400e-17
157.42	1.5367e-17
157.44	1.5304e-17
157.46	1.5354e-17
157.48	1.5452e-17
157.50	1.5404e-17
157.52	1.5456e-17
157.54	1.5515e-17
157.56	1.5458e-17
157.58	1.5520e-17
157.60	1.5435e-17
157.62	1.5673e-17
157.65	1.5558e-17
157.67	1.5611e-17
157.69	1.5704e-17
157.71	1.5681e-17
157.73	1.5684e-17
157.75	1.5775e-17
157.77	1.5864e-17
157.79	1.5848e-17
157.81	1.5875e-17
157.83	1.5943e-17
157.85	1.6064e-17
157.87	1.6174e-17
157.89	1.6139e-17
157.91	1.6118e-17
157.93	1.6181e-17
157.95	1.6366e-17
157.97	1.6358e-17
157.99	1.6335e-17
158.01	1.6386e-17
158.03	1.6500e-17
158.05	1.6495e-17
158.07	1.6648e-17
158.09	1.6561e-17
158.11	1.6395e-17
158.13	1.6518e-17
158.15	1.6538e-17
158.17	1.6628e-17
158.19	1.6545e-17
158.21	1.6449e-17
158.23	1.6538e-17
158.25	1.6471e-17
158.27	1.6613e-17
158.29	1.6733e-17
158.31	1.6755e-17
158.33	1.6695e-17
158.35	1.6744e-17
158.37	1.6895e-17
158.39	1.6911e-17
158.41	1.7016e-17
158.43	1.7087e-17
158.45	1.7068e-17
158.47	1.7378e-17
158.49	1.7442e-17
158.51	1.7515e-17
158.53	1.7568e-17
158.55	1.7719e-17
158.57	1.7827e-17
158.59	1.7859e-17
158.61	1.8098e-17
158.63	1.8047e-17
158.65	1.8251e-17
158.67	1.8274e-17
158.69	1.8514e-17
158.71	1.8561e-17
158.73	1.8723e-17
158.75	1.8723e-17
158.77	1.8810e-17
158.79	1.8939e-17
158.81	1.9029e-17
158.83	1.9137e-17
158.85	1.9021e-17
158.87	1.9020e-17
158.89	1.8797e-17
158.91	1.8699e-17
158.93	1.8759e-17
158.95	1.8671e-17
158.97	1.8495e-17
158.99	1.8389e-17
159.01	1.8449e-17
159.03	1.8279e-17
159.05	1.8221e-17
159.07	1.8216e-17
159.09	1.8099e-17
159.11	1.8165e-17
159.13	1.8194e-17
159.15	1.8198e-17
159.17	1.8293e-17
159.19	1.8270e-17
159.21	1.8217e-17
159.23	1.8316e-17
159.25	1.8262e-17
159.27	1.8411e-17
159.29	1.8391e-17
159.31	1.8437e-17
159.33	1.8459e-17
159.35	1.8558e-17
159.37	1.8591e-17
159.39	1.8634e-17
159.41	1.8817e-17
159.43	1.8611e-17
159.45	1.8724e-17
159.47	1.8790e-17
159.49	1.8766e-17
159.51	1.8835e-17
159.53	1.8726e-17
159.55	1.8782e-17
159.57	1.8830e-17
159.59	1.8827e-17
159.61	1.8921e-17
159.63	1.9018e-17
159.65	1.8948e-17
159.67	1.9111e-17
159.69	1.9243e-17
159.71	1.9204e-17
159.73	1.9273e-17
159.75	1.9622e-17
159.77	1.9588e-17
159.79	1.9931e-17
159.81	1.9969e-17
159.83	2.0191e-17
159.85	2.0571e-17
159.87	2.0568e-17
159.89	2.0912e-17
159.91	2.1052e-17
159.93	2.1366e-17
159.95	2.1554e-17
159.97	2.1688e-17
159.99	2.1759e-17
160.01	2.1820e-17
160.03	2.1955e-17
160.05	2.1776e-17
160.07	2.1808e-17
160.09	2.1761e-17
160.11	2.1512e-17
160.13	2.1401e-17
160.15	2.1249e-17
160.17	2.1134e-17
160.19	2.0794e-17
160.21	2.0906e-17
160.23	2.0802e-17
160.25	2.0722e-17
160.27	2.0642e-17
160.29	2.0712e-17
160.31	2.0731e-17
160.33	2.0737e-17
160.35	2.0805e-17
160.37	2.0653e-17
160.39	2.0770e-17
160.41	2.0790e-17
160.43	2.0736e-17
160.45	2.0802e-17
160.47	2.0807e-17
160.49	2.0835e-17
160.51	2.0749e-17
160.53	2.0872e-17
160.55	2.0967e-17
160.57	2.0914e-17
160.59	2.0856e-17
160.61	2.0989e-17
160.63	2.1138e-17
160.65	2.1310e-17
160.67	2.1184e-17
160.69	2.1323e-17
160.71	2.1254e-17
160.73	2.1304e-17
160.75	2.1464e-17
160.77	2.1450e-17
160.79	2.1546e-17
160.81	2.1580e-17
160.83	2.1644e-17
160.85	2.1763e-17
160.87	2.1746e-17
160.89	2.1873e-17
160.91	2.2190e-17
160.93	2.2261e-17
160.95	2.2338e-17
160.97	2.2534e-17
160.99	2.2608e-17
161.01	2.2780e-17
161.03	2.2916e-17
161.05	2.2918e-17
161.07	2.3083e-17
161.09	2.3231e-17
161.11	2.3324e-17
161.13	2.3360e-17
161.15	2.3562e-17
161.17	2.3631e-17
161.19	2.3579e-17
161.21	2.3710e-17
161.23	2.3936e-17
161.25	2.3767e-17
161.27	2.3740e-17
161.29	2.3825e-17
161.31	2.3864e-17
161.33	2.3835e-17
161.35	2.3796e-17
161.37	2.3767e-17
161.39	2.3778e-17
161.41	2.3723e-17
161.43	2.3606e-17
161.45	2.3674e-17
161.47	2.3594e-17
161.49	2.3369e-17
161.51	2.3504e-17
161.53	2.3533e-17
161.55	2.3427e-17
161.57	2.3352e-17
161.59	2.3487e-17
161.61	2.3465e-17
161.63	2.3472e-17
161.65	2.3440e-17
161.67	2.3476e-17
161.69	2.3513e-17
161.71	2.3650e-17
161.73	2.3655e-17
161.75	2.3686e-17
161.77	2.3834e-17
161.79	2.3862e-17
161.81	2.4015e-17
161.83	2.4047e-17
161.85	2.4154e-17
161.87	2.4393e-17
161.89	2.4513e-17
161.91	2.4555e-17
161.93	2.4603e-17
161.95	2.4804e-17
161.97	2.4865e-17
161.99	2.5044e-17
162.01	2.5267e-17
162.03	2.5295e-17
162.05	2.5482e-17
162.07	2.5801e-17
162.09	2.5826e-17
162.11	2.5914e-17
162.13	2.6087e-17
162.15	2.6226e-17
162.17	2.6356e-17
162.19	2.6503e-17
162.21	2.6599e-17
162.23	2.6430e-17
162.25	2.6455e-17
162.27	2.6485e-17
162.29	2.6589e-17
162.31	2.6539e-17
162.33	2.6498e-17
162.35	2.6411e-17
162.37	2.6440e-17
162.39	2.6250e-17
162.41	2.6334e-17
162.43	2.6257e-17
162.45	2.6188e-17
162.47	2.6171e-17
162.49	2.6126e-17
162.51	2.6159e-17
162.53	2.6077e-17
162.55	2.6104e-17
162.57	2.6038e-17
162.59	2.6134e-17
162.61	2.6015e-17
162.63	2.6007e-17
162.65	2.6073e-17
162.67	2.5876e-17
162.69	2.5908e-17
162.71	2.5954e-17
162.73	2.5977e-17
162.75	2.5873e-17
162.77	2.6063e-17
162.79	2.5985e-17
162.81	2.5946e-17
162.83	2.5959e-17
162.85	2.6065e-17
162.87	2.6061e-17
162.89	2.6243e-17
162.91	2.6158e-17
162.93	2.6199e-17
162.95	2.6393e-17
162.97	2.6370e-17
162.99	2.6378e-17
163.01	2.6646e-17
163.03	2.6672e-17
163.05	2.6614e-17
163.07	2.6880e-17
163.09	2.7028e-17
163.11	2.7163e-17
163.13	2.7229e-17
163.15	2.7425e-17
163.17	2.7620e-17
163.19	2.7763e-17
163.21	2.7858e-17
163.23	2.8051e-17
163.25	2.8126e-17
163.27	2.8227e-17
163.29	2.8500e-17
163.31	2.8660e-17
163.33	2.8684e-17
163.35	2.8852e-17
163.37	2.9007e-17
163.39	2.9198e-17
163.41	2.9318e-17
163.43	2.9454e-17
163.45	2.9550e-17
163.47	2.9534e-17
163.49	2.9761e-17
163.51	2.9696e-17
163.53	2.9893e-17
163.55	2.9956e-17
163.57	2.9944e-17
163.59	2.9996e-17
163.61	2.9839e-17
163.63	2.9751e-17
163.65	2.9713e-17
163.67	2.9264e-17
163.69	2.9227e-17
163.71	2.9134e-17
163.73	2.8935e-17
163.75	2.8845e-17
163.77	2.8689e-17
163.79	2.8723e-17
163.81	2.8621e-17
163.83	2.8531e-17
163.85	2.8504e-17
163.87	2.8349e-17
163.89	2.8526e-17
163.91	2.8585e-17
163.93	2.8590e-17
163.95	2.8582e-17
163.97	2.8574e-17
163.99	2.8787e-17
164.01	2.8791e-17
164.03	2.8977e-17
164.05	2.9072e-17
164.07	2.9172e-17
164.09	2.9254e-17
164.11	2.9387e-17
164.13	2.9475e-17
164.15	2.9616e-17
164.17	2.9539e-17
164.19	2.9537e-17
164.21	2.9594e-17
164.23	2.9449e-17
164.25	2.9559e-17
164.27	2.9422e-17
164.29	2.9380e-17
164.31	2.9289e-17
164.33	2.9109e-17
164.35	2.8879e-17
164.37	2.8592e-17
164.39	2.8442e-17
164.41	2.8298e-17
164.43	2.7941e-17
164.45	2.7750e-17
164.47	2.7672e-17
164.49	2.7351e-17
164.51	2.7175e-17
164.53	2.7040e-17
164.55	2.7034e-17
164.57	2.6753e-17
164.59	2.6589e-17
164.61	2.6542e-17
164.63	2.6268e-17
164.65	2.6253e-17
164.67	2.6412e-17
164.69	2.6196e-17
164.71	2.6364e-17
164.73	2.6218e-17
164.75	2.6246e-17
164.77	2.6320e-17
164.79	2.6456e-17
164.81	2.6675e-17
164.83	2.6879e-17
164.85	2.7030e-17
164.87	2.7261e-17
164.89	2.7556e-17
164.91	2.7966e-17
164.93	2.8300e-17
164.95	2.8736e-17
164.98	2.9124e-17
165.00	2.9242e-17
165.02	2.9743e-17
165.04	3.0231e-17
165.06	3.0407e-17
165.08	3.0962e-17
165.10	3.1215e-17
165.12	3.1490e-17
165.14	3.2032e-17
165.16	3.2274e-17
165.18	3.2474e-17
165.20	3.2761e-17
165.22	3.3057e-17
165.24	3.3193e-17
165.26	3.3252e-17
165.28	3.3306e-17
165.30	3.3337e-17
165.32	3.3110e-17
165.34	3.3023e-17
165.36	3.2815e-17
165.38	3.2406e-17
165.40	3.1622e-17
165.42	3.1167e-17
165.44	3.0417e-17
165.46	2.9656e-17
165.48	2.8901e-17
165.50	2.8217e-17
165.52	2.7350e-17
165.54	2.6579e-17
165.56	2.5617e-17
165.58	2.4889e-17
165.60	2.4187e-17
165.62	2.3326e-17
165.64	2.2710e-17
165.66	2.2196e-17
165.68	2.1682e-17
165.70	2.1096e-17
165.72	2.0713e-17
165.74	2.0429e-17
165.76	2.0196e-17
165.78	1.9850e-17
165.80	1.9717e-17
165.82	1.9561e-17
165.84	1.9400e-17
165.86	1.9368e-17
165.88	1.9321e-17
165.90	1.9271e-17
165.92	1.9386e-17
165.94	1.9332e-17
165.96	1.9470e-17
165.98	1.9554e-17
166.00	1.9670e-17
166.02	1.9792e-17
166.04	1.9721e-17
166.06	2.0047e-17
166.08	1.9813e-17
166.10	1.9948e-17
166.12	1.9838e-17
166.14	1.9951e-17
166.16	2.0036e-17
166.18	2.0182e-17
166.20	2.0208e-17
166.22	2.0212e-17
166.24	2.0028e-17
166.26	2.0171e-17
166.28	2.0061e-17
166.30	1.9990e-17
166.32	1.9979e-17
166.34	1.9549e-17
166.36	1.9471e-17
166.38	1.9304e-17
166.40	1.8979e-17
166.42	1.8754e-17
166.44	1.8362e-17
166.46	1.8214e-17
166.48	1.7891e-17
166.50	1.7540e-17
166.52	1.7375e-17
166.54	1.6961e-17
166.56	1.6843e-17
166.58	1.6543e-17
166.60	1.6379e-17
166.62	1.6003e-17
166.64	1.5821e-17
166.66	1.5662e-17
166.68	1.5433e-17
166.70	1.5409e-17
166.72	1.5169e-17
166.74	1.5156e-17
166.76	1.4913e-17
166.78	1.4814e-17
166.80	1.4704e-17
166.82	1.4581e-17
166.84	1.4419e-17
166.86	1.4267e-17
166.88	1.4111e-17
166.90	1.4073e-17
166.92	1.3964e-17
166.94	1.3936e-17
166.96	1.3834e-17
166.98	1.3845e-17
167.00	1.3798e-17
167.02	1.3797e-17
167.04	1.3777e-17
167.06	1.3717e-17
167.08	1.3871e-17
167.10	1.3953e-17
167.12	1.3934e-17
167.14	1.4021e-17
167.16	1.4081e-17
167.18	1.3956e-17
167.20	1.4133e-17
167.22	1.4131e-17
167.24	1.4119e-17
167.26	1.4166e-17
167.28	1.4329e-17
167.30	1.4324e-17
167.32	1.4415e-17
167.34	1.4411e-17
167.36	1.4339e-17
167.38	1.4498e-17
167.40	1.4390e-17
167.42	1.4355e-17
167.44	1.4361e-17
167.46	1.4263e-17
167.48	1.4237e-17
167.50	1.3948e-17
167.52	1.4010e-17
167.54	1.3788e-17
167.56	1.3703e-17
167.58	1.3527e-17
167.60	1.3352e-17
167.62	1.3156e-17
167.64	1.2969e-17
167.66	1.2927e-17
167.68	1.2753e-17
167.70	1.2662e-17
167.72	1.2693e-17
167.74	1.2522e-17
167.76	1.2580e-17
167.78	1.2479e-17
167.80	1.2417e-17
167.82	1.2220e-17
167.84	1.2353e-17
167.86	1.2381e-17
167.88	1.2269e-17
167.90	1.2223e-17
167.92	1.2323e-17
167.94	1.2383e-17
167.96	1.2268e-17
167.98	1.2316e-17
168.00	1.2340e-17
168.02	1.2183e-17
168.04	1.2399e-17
168.06	1.2356e-17
168.08	1.2322e-17
168.10	1.2433e-17
168.12	1.2311e-17
168.14	1.2464e-17
168.16	1.2635e-17
168.18	1.2778e-17
168.20	1.2747e-17
168.22	1.2872e-17
168.24	1.2882e-17
168.26	1.2987e-17
168.28	1.3103e-17
168.30	1.3149e-17
168.32	1.3362e-17
168.34	1.3630e-17
168.36	1.3632e-17
168.38	1.3712e-17
168.40	1.3991e-17
168.42	1.4296e-17
168.44	1.4528e-17
168.46	1.4942e-17
168.48	1.5285e-17
168.50	1.5572e-17
168.52	1.6099e-17
168.54	1.6634e-17
168.56	1.6954e-17
168.58	1.7477e-17
168.60	1.7912e-17
168.62	1.8359e-17
168.64	1.8846e-17
168.66	1.8880e-17
168.68	1.8621e-17
168.70	1.8408e-17
168.72	1.7813e-17
168.74	1.7060e-17
168.76	1.6273e-17
168.78	1.5518e-17
168.80	1.4905e-17
168.82	1.4396e-17
168.84	1.3890e-17
168.86	1.3504e-17
168.88	1.3212e-17
168.90	1.3108e-17
168.92	1.2916e-17
168.94	1.2678e-17
168.96	1.2507e-17
168.98	1.2433e-17
169.00	1.2257e-17
169.02	1.2201e-17
169.04	1.2038e-17
169.06	1.1851e-17
169.08	1.1805e-17
169.10	1.1753e-17
169.12	1.1594e-17
169.14	1.1473e-17
169.16	1.1394e-17
169.18	1.1344e-17
169.20	1.1358e-17
169.22	1.1321e-17
169.24	1.1162e-17
169.26	1.1188e-17
169.28	1.1061e-17
169.30	1.1106e-17
169.32	1.1185e-17
169.34	1.0872e-17
169.36	1.1030e-17
169.38	1.1011e-17
169.40	1.1022e-17
169.42	1.0858e-17
169.44	1.0727e-17
169.46	1.0841e-17
169.48	1.0809e-17
169.50	1.0768e-17
169.52	1.0831e-17
169.54	1.0904e-17
169.56	1.0978e-17
169.58	1.0825e-17
169.60	1.0951e-17
169.62	1.0939e-17
169.64	1.0951e-17
169.66	1.0940e-17
169.68	1.0881e-17
169.70	1.0919e-17
169.72	1.0903e-17
169.74	1.0947e-17
169.76	1.1102e-17
169.78	1.1110e-17
169.80	1.1081e-17
169.82	1.1142e-17
169.84	1.1026e-17
169.86	1.1282e-17
169.88	1.1317e-17
169.90	1.1455e-17
169.92	1.1423e-17
169.94	1.1523e-17
169.96	1.1467e-17
169.98	1.1497e-17
170.00	1.1511e-17
170.02	1.1564e-17
170.04	1.1617e-17
170.06	1.1628e-17
170.08	1.1588e-17
170.10	1.1819e-17
170.13	1.1600e-17
170.15	1.1722e-17
170.17	1.1610e-17
170.19	1.1633e-17
170.21	1.1673e-17
170.23	1.1701e-17
170.25	1.1525e-17
170.27	1.1413e-17
170.29	1.1447e-17
170.31	1.1395e-17
170.33	1.1432e-17
170.35	1.1275e-17
170.37	1.1127e-17
170.39	1.1158e-17
170.41	1.1007e-17
170.43	1.1115e-17
170.45	1.0951e-17
170.47	1.1013e-17
170.49	1.0970e-17
170.51	1.1003e-17
170.53	1.0917e-17
170.55	1.0816e-17
170.57	1.0704e-17
170.59	1.0708e-17
170.61	1.0623e-17
170.63	1.0514e-17
170.65	1.0615e-17
170.67	1.0575e-17
170.69	1.0411e-17
170.71	1.0347e-17
170.73	1.0417e-17
170.75	1.0219e-17
170.77	1.0333e-17
170.79	1.0164e-17
170.81	1.0271e-17
170.83	1.0237e-17
170.85	1.0175e-17
170.87	1.0170e-17
170.89	1.0049e-17
170.91	1.0054e-17
170.93	9.9086e-18
170.95	1.0085e-17
170.97	1.0005e-17
170.99	9.9881e-18
171.01	1.0160e-17
171.03	1.0145e-17
171.05	1.0115e-17
171.07	1.0168e-17
171.09	1.0045e-17
171.11	1.0078e-17
171.13	1.0100e-17
171.15	1.0101e-17
171.17	1.0076e-17
171.19	1.0157e-17
171.21	1.0008e-17
171.23	1.0025e-17
171.25	9.9485e-18
171.27	1.0042e-17
171.29	1.0097e-17
171.31	1.0030e-17
171.33	9.9473e-18
171.35	1.0118e-17
171.37	1.0089e-17
171.39	1.0084e-17
171.41	9.9813e-18
171.43	9.9877e-18
171.45	1.0045e-17
171.47	1.0086e-17
171.49	1.0004e-17
171.51	9.9197e-18
171.53	9.9895e-18
171.55	9.9511e-18
171.57	9.8256e-18
171.59	9.9921e-18
171.61	9.9277e-18
171.63	1.0026e-17
171.65	1.0054e-17
171.67	9.8259e-18
171.69	9.8323e-18
171.71	9.8581e-18
171.73	9.8339e-18
171.75	9.9006e-18
171.77	9.7834e-18
171.79	9.7525e-18
171.81	9.8548e-18
171.83	9.7004e-18
171.85	9.6985e-18
171.87	9.7789e-18
171.89	9.7189e-18
171.91	9.7361e-18
171.93	9.7038e-18
171.95	9.5750e-18
171.97	9.7599e-18
171.99	9.6244e-18
172.01	9.5825e-18
172.03	9.5363e-18
172.05	9.6391e-18
172.07	9.6566e-18
172.09	9.6075e-18
172.11	9.6512e-18
172.13	9.4416e-18
172.15	9.3978e-18
172.17	9.3069e-18
172.19	9.3861e-18
172.21	9.3929e-18
172.23	9.3350e-18
172.25	9.3052e-18
172.27	9.2290e-18
172.29	9.2969e-18
172.31	9.1567e-18
172.33	9.2121e-18
172.35	9.1965e-18
172.37	9.1662e-18
172.39	9.2092e-18
172.41	9.1798e-18
172.43	9.2410e-18
172.45	9.2860e-18
172.47	9.2845e-18
172.49	9.2069e-18
172.51	9.2061e-18
172.53	9.2140e-18
172.55	9.2155e-18
172.57	9.2330e-18
172.59	9.0773e-18
172.61	9.1072e-18
172.63	9.0331e-18
172.65	9.0614e-18
172.67	9.0648e-18
172.69	8.9857e-18
172.71	8.8901e-18
172.73	8.8928e-18
172.75	8.7638e-18
172.77	8.8754e-18
172.79	8.8065e-18
172.81	8.8028e-18
172.83	8.8044e-18
172.85	8.7389e-18
172.87	8.6730e-18
172.89	8.7452e-18
172.91	8.8735e-18
172.93	8.7622e-18
172.95	8.7937e-18
172.97	8.7968e-18
172.99	8.9155e-18
173.01	8.8655e-18
173.03	8.9307e-18
173.05	8.8891e-18
173.07	8.7949e-18
173.09	8.7634e-18
173.11	8.6453e-18
173.13	8.5899e-18
173.15	8.5984e-18
173.17	8.6455e-18
173.19	8.5818e-18
173.21	8.6043e-18
173.23	8.5910e-18
173.25	8.5172e-18
173.27	8.6272e-18
173.29	8.6312e-18
173.31	8.6905e-18
173.33	8.5634e-18
173.35	8.7045e-18
173.37	8.6192e-18
173.39	8.5612e-18
173.41	8.5586e-18
173.43	8.5210e-18
173.45	8.6544e-18
173.47	8.6995e-18
173.49	8.6748e-18
173.51	8.7315e-18
173.53	8.7591e-18
173.55	8.6649e-18
173.57	8.9209e-18
173.59	8.7125e-18
173.61	8.7321e-18
173.63	8.8058e-18
173.65	8.7516e-18
173.67	8.9310e-18
173.69	8.8257e-18
173.71	8.8734e-18
173.73	8.8732e-18
173.75	8.8829e-18
173.77	8.9136e-18
173.79	8.8903e-18
173.81	9.0477e-18
173.83	8.9167e-18
173.85	9.0563e-18
173.87	9.0903e-18
173.89	9.1288e-18
173.91	9.1414e-18
173.93	9.0918e-18
173.95	9.1105e-18
173.97	9.2109e-18
173.99	9.1364e-18
174.01	9.1040e-18
174.03	9.0008e-18
174.05	8.9234e-18
174.07	8.6659e-18
174.09	8.6343e-18
174.11	8.5854e-18
174.13	8.5733e-18
174.15	8.6077e-18
174.17	8.6394e-18
174.19	8.5528e-18
174.21	8.5779e-18
174.23	8.6225e-18
174.25	8.6613e-18
174.27	8.6888e-18
174.30	8.6962e-18
174.32	8.5227e-18
174.34	8.6856e-18
174.36	8.5551e-18
174.38	8.7044e-18
174.40	8.7586e-18
174.42	8.6596e-18
174.44	8.7854e-18
174.46	8.6792e-18
174.48	8.7032e-18
174.50	8.7090e-18
174.52	8.7600e-18
174.54	8.8421e-18
174.56	8.9763e-18
174.58	8.9751e-18
174.60	9.0216e-18
174.62	9.1285e-18
174.64	9.1229e-18
174.66	9.1868e-18
174.68	9.1575e-18
174.70	9.0685e-18
174.72	9.1576e-18
174.74	9.0867e-18
174.76	9.1227e-18
174.78	9.2797e-18
174.80	9.1871e-18
174.82	9.2230e-18
174.84	9.1716e-18
174.86	9.1627e-18
174.88	9.2374e-18
174.90	9.1941e-18
174.92	9.2449e-18
174.94	9.1690e-18
174.96	9.2376e-18
174.98	9.2081e-18
175.00	9.2801e-18
175.02	9.3189e-18
175.04	9.3284e-18
175.06	9.4140e-18
175.08	9.4084e-18
175.10	9.5385e-18
175.12	9.5299e-18
175.14	9.4970e-18
175.16	9.5738e-18
175.18	9.6702e-18
175.20	9.7214e-18
175.22	9.7059e-18
175.24	9.7960e-18
175.26	9.7771e-18
175.28	9.8250e-18
175.30	9.8187e-18
175.32	9.9246e-18
175.34	9.9034e-18
175.36	1.0028e-17
175.38	9.9781e-18
175.40	1.0001e-17
175.42	1.0135e-17
175.44	1.0132e-17
175.46	1.0179e-17
175.48	1.0095e-17
175.50	1.0223e-17
175.52	1.0295e-17
175.54	1.0235e-17
175.56	1.0256e-17
175.58	1.0295e-17
175.60	1.0253e-17
175.62	1.0419e-17
175.64	1.0343e-17
175.66	1.0212e-17
175.68	1.0350e-17
175.70	1.0448e-17
175.72	1.0463e-17
175.74	1.0442e-17
175.76	1.0430e-17
175.78	1.0454e-17
175.80	1.0542e-17
175.82	1.0477e-17
175.84	1.0618e-17
175.86	1.0660e-17
175.88	1.0617e-17
175.90	1.0550e-17
175.92	1.0672e-17
175.94	1.0805e-17
175.96	1.0749e-17
175.98	1.0689e-17
176.00	1.0777e-17
176.02	1.0753e-17
176.04	1.0825e-17
176.06	1.0737e-17
176.08	1.0768e-17
176.10	1.0746e-17
176.12	1.0710e-17
176.14	1.0686e-17
176.16	1.0589e-17
176.18	1.0526e-17
176.20	1.0543e-17
176.22	1.0457e-17
176.24	1.0430e-17
176.26	1.0408e-17
176.28	1.0534e-17
176.30	1.0422e-17
176.32	1.0340e-17
176.34	1.0356e-17
176.36	1.0279e-17
176.38	1.0379e-17
176.40	1.0403e-17
176.42	1.0336e-17
176.44	1.0410e-17
176.46	1.0332e-17
176.48	1.0216e-17
176.50	1.0291e-17
176.52	1.0148e-17
176.54	1.0191e-17
176.56	1.0174e-17
176.58	1.0193e-17
176.60	9.9970e-18
176.62	1.0017e-17
176.64	1.0023e-17
176.66	9.9588e-18
176.68	9.7976e-18
176.70	9.8276e-18
176.72	9.8112e-18
176.74	9.7584e-18
176.76	9.6819e-18
176.78	9.6131e-18
176.80	9.7569e-18
176.82	9.7869e-18
176.84	9.7187e-18
176.86	9.5764e-18
176.88	9.3936e-18
176.90	9.5436e-18
176.92	9.5153e-18
176.94	9.5324e-18
176.96	9.3515e-18
176.98	9.3400e-18
177.00	9.1865e-18
177.02	9.2397e-18
177.04	9.0864e-18
177.06	9.1094e-18
177.08	9.0510e-18
177.10	9.1718e-18
177.12	9.0676e-18
177.14	9.0872e-18
177.16	9.1462e-18
177.18	9.0485e-18
177.20	9.2078e-18
177.22	9.1036e-18
177.24	9.0848e-18
177.26	9.1364e-18
177.28	9.0674e-18
177.30	9.1153e-18
177.32	9.0606e-18
177.34	9.1323e-18
177.36	9.0912e-18
177.38	9.2001e-18
177.40	9.2324e-18
177.42	9.2279e-18
177.44	9.3467e-18
177.46	9.4571e-18
177.48	9.5912e-18
177.50	9.4255e-18
177.52	9.2861e-18
177.54	9.3829e-18
177.56	9.4278e-18
177.58	9.3114e-18
177.60	9.3164e-18
177.62	9.3229e-18
177.64	9.3062e-18
177.66	9.3466e-18
177.68	9.3262e-18
177.70	9.3111e-18
177.72	9.2527e-18
177.74	9.4076e-18
177.76	9.4976e-18
177.78	9.5011e-18
177.80	9.5491e-18
177.82	9.4457e-18
177.85	9.6955e-18
177.87	9.9397e-18
177.89	1.0185e-17
177.91	1.0271e-17
177.93	1.0105e-17
177.95	1.0175e-17
177.97	1.0398e-17
177.99	1.0462e-17
178.01	1.0215e-17
178.03	1.0134e-17
178.05	9.9025e-18
178.07	9.9195e-18
178.09	9.7347e-18
178.11	9.8219e-18
178.13	9.7201e-18
178.15	9.8947e-18
178.17	9.9943e-18
178.19	1.0035e-17
178.21	1.0105e-17
178.23	1.0016e-17
178.25	9.9217e-18
178.27	1.0141e-17
178.29	1.0194e-17
178.31	1.0288e-17
178.33	1.0299e-17
178.35	1.0383e-17
178.37	1.0386e-17
178.39	1.0491e-17
178.41	1.0611e-17
178.43	1.0791e-17
178.45	1.0786e-17
178.47	1.0866e-17
178.49	1.1071e-17
178.51	1.1117e-17
178.53	1.1047e-17
178.55	1.1072e-17
178.57	1.1153e-17
178.59	1.1214e-17
178.61	1.1220e-17
178.63	1.1364e-17
178.65	1.1476e-17
178.67	1.1593e-17
178.69	1.1705e-17
178.71	1.1697e-17
178.73	1.1769e-17
178.75	1.1709e-17
178.77	1.1847e-17
178.79	1.1912e-17
178.81	1.2039e-17
178.83	1.2059e-17
178.85	1.2044e-17
178.87	1.2178e-17
178.89	1.2318e-17
178.91	1.2436e-17
178.93	1.2393e-17
178.95	1.2648e-17
178.97	1.2637e-17
178.99	1.2836e-17
179.01	1.2988e-17
179.03	1.3004e-17
179.05	1.3084e-17
179.07	1.3166e-17
179.09	1.3224e-17
179.11	1.3350e-17
179.13	1.3691e-17
179.15	1.3726e-17
179.17	1.3685e-17
179.19	1.3688e-17
179.21	1.4007e-17
179.23	1.3999e-17
179.25	1.4191e-17
179.27	1.4316e-17
179.29	1.4415e-17
179.31	1.4545e-17
179.33	1.4644e-17
179.35	1.4684e-17
179.37	1.4921e-17
179.39	1.5019e-17
179.41	1.5319e-17
179.43	1.5548e-17
179.45	1.5721e-17
179.47	1.5942e-17
179.49	1.5927e-17
179.51	1.6214e-17
179.53	1.6396e-17
179.55	1.6577e-17
179.57	1.6820e-17
179.59	1.6979e-17
179.61	1.7198e-17
179.63	1.7409e-17
179.65	1.7657e-17
179.67	1.7846e-17
179.69	1.8084e-17
179.71	1.8215e-17
179.73	1.8506e-17
179.75	1.8856e-17
179.77	1.9059e-17
179.79	1.9323e-17
179.81	1.9481e-17
179.83	1.9861e-17
179.85	1.9955e-17
179.87	2.0378e-17
179.89	2.0459e-17
179.91	2.0692e-17
179.93	2.0915e-17
179.95	2.1120e-17
179.97	2.1269e-17
179.99	2.1356e-17
180.01	2.1421e-17
180.03	2.1710e-17
180.05	2.1553e-17
180.07	2.1749e-17
180.09	2.1581e-17
180.11	2.1733e-17
180.13	2.1657e-17
180.15	2.1452e-17
180.17	2.1288e-17
180.19	2.1193e-17
180.21	2.1063e-17
180.23	2.0848e-17
180.25	2.0613e-17
180.27	2.0190e-17
180.29	1.9954e-17
180.31	1.9515e-17
180.33	1.9338e-17
180.35	1.9293e-17
180.37	1.9339e-17
180.39	1.8997e-17
180.41	1.8338e-17
180.43	1.7933e-17
180.45	1.7749e-17
180.47	1.7516e-17
180.49	1.7152e-17
180.51	1.6790e-17
180.53	1.6555e-17
180.55	1.6784e-17
180.57	1.7057e-17
180.59	1.6323e-17
180.61	1.5582e-17
180.63	1.5121e-17
180.65	1.5367e-17
180.67	1.5187e-17
180.69	1.4609e-17
180.71	1.3970e-17
180.73	1.3025e-17
180.75	1.2486e-17
180.77	1.2166e-17
180.79	1.1773e-17
180.81	1.1626e-17
180.83	1.1369e-17
180.85	1.1259e-17
180.87	1.1109e-17
180.89	1.0848e-17
180.91	1.0666e-17
180.93	1.0534e-17
180.95	1.0388e-17
180.97	1.0293e-17
180.99	1.0146e-17
181.02	9.9174e-18
181.04	9.9564e-18
181.06	9.8033e-18
181.08	9.5525e-18
181.10	9.5975e-18
181.12	9.4026e-18
181.14	9.3378e-18
181.16	9.3472e-18
181.18	9.0890e-18
181.20	8.9557e-18
181.22	9.2860e-18
181.24	9.5311e-18
181.26	9.3482e-18
181.28	9.1509e-18
181.30	8.8943e-18
181.32	8.8740e-18
181.34	9.0211e-18
181.36	8.8439e-18
181.38	8.6219e-18
181.40	8.5024e-18
181.42	8.4165e-18
181.44	8.3979e-18
181.46	8.9953e-18
181.48	9.9250e-18
181.50	9.5933e-18
181.52	9.1619e-18
181.54	8.9050e-18
181.56	9.3496e-18
181.58	9.5693e-18
181.60	9.5222e-18
181.62	9.4159e-18
181.64	9.8259e-18
181.66	1.1393e-17
181.68	1.2066e-17
181.70	1.0951e-17
181.72	9.6239e-18
181.74	9.7951e-18
181.76	1.0348e-17
181.78	1.0099e-17
181.80	9.2250e-18
181.82	8.2906e-18
181.84	7.3454e-18
181.86	6.7639e-18
181.88	6.4084e-18
181.90	6.2577e-18
181.92	6.0906e-18
181.94	6.0186e-18
181.96	5.7748e-18
181.98	5.8306e-18
182.00	5.8161e-18
182.02	5.7910e-18
182.04	5.9304e-18
182.06	5.7896e-18
182.08	5.7114e-18
182.10	5.7363e-18
182.12	5.6577e-18
182.14	5.7483e-18
182.16	5.6856e-18
182.18	5.6683e-18
182.20	5.5480e-18
182.22	5.5606e-18
182.24	5.7200e-18
182.26	5.6041e-18
182.28	5.6935e-18
182.30	5.6141e-18
182.32	5.7596e-18
182.34	5.8356e-18
182.36	5.8290e-18
182.38	6.0205e-18
182.40	6.3417e-18
182.42	6.4681e-18
182.44	6.8239e-18
182.46	7.0356e-18
182.48	7.3164e-18
182.50	7.2146e-18
182.52	7.1952e-18
182.54	7.0096e-18
182.56	6.9331e-18
182.58	6.7625e-18
182.60	6.5677e-18
182.62	6.4948e-18
182.64	6.4591e-18
182.66	6.2137e-18
182.68	6.0524e-18
182.70	5.8845e-18
182.72	5.8329e-18
182.74	5.7753e-18
182.76	5.6415e-18
182.78	5.5257e-18
182.80	5.4570e-18
182.82	5.3973e-18
182.84	5.3133e-18
182.86	5.3061e-18
182.88	5.1985e-18
182.90	5.1725e-18
182.92	5.0885e-18
182.94	5.1140e-18
182.96	5.0948e-18
182.98	5.0412e-18
183.00	5.1278e-18
183.02	5.1244e-18
183.04	5.1645e-18
183.06	5.1208e-18
183.08	4.9424e-18
183.10	4.9995e-18
183.12	5.0128e-18
183.14	5.0463e-18
183.16	5.1018e-18
183.18	5.1383e-18
183.20	5.1775e-18
183.22	5.2732e-18
183.24	5.2538e-18
183.26	5.2653e-18
183.28	5.3946e-18
183.30	5.5092e-18
183.32	5.4895e-18
183.34	5.1971e-18
183.36	5.4054e-18
183.38	5.2981e-18
183.40	5.2349e-18
183.42	5.2220e-18
183.44	5.4541e-18
183.46	5.4221e-18
183.48	5.2810e-18
183.50	5.3257e-18
183.52	5.2693e-18
183.54	5.3198e-18
183.56	5.3381e-18
183.58	5.1862e-18
183.60	5.2099e-18
183.62	5.2759e-18
183.64	5.2592e-18
183.66	5.2788e-18
183.68	5.2634e-18
183.70	5.4264e-18
183.72	5.2813e-18
183.74	5.4061e-18
183.76	5.5529e-18
183.78	5.4656e-18
183.80	5.6465e-18
183.82	5.7750e-18
183.84	5.9470e-18
183.87	6.0799e-18
183.89	6.0382e-18
183.91	6.1839e-18
183.93	6.1954e-18
183.95	6.1397e-18
183.97	6.5253e-18
183.99	6.7726e-18
184.01	6.6863e-18
184.03	6.5448e-18
184.05	6.3393e-18
184.07	6.1267e-18
184.09	6.0920e-18
184.11	5.9303e-18
184.13	6.0997e-18
184.15	6.0289e-18
184.17	5.9480e-18
184.19	5.9242e-18
184.21	5.8997e-18
184.23	5.8118e-18
184.25	5.7529e-18
184.27	5.6721e-18
184.29	5.7489e-18
184.31	5.6984e-18
184.33	5.8075e-18
184.35	5.8405e-18
184.37	5.8539e-18
184.39	5.9718e-18
184.41	6.1278e-18
184.43	6.0320e-18
184.45	6.2571e-18
184.47	6.4889e-18
184.49	6.5598e-18
184.51	6.7675e-18
184.53	6.8226e-18
184.55	7.1679e-18
184.57	7.5294e-18
184.59	7.6803e-18
184.61	7.6449e-18
184.63	7.6017e-18
184.65	7.6919e-18
184.67	8.1335e-18
184.69	8.2944e-18
184.71	8.0253e-18
184.73	7.5399e-18
184.75	7.0775e-18
184.77	6.7563e-18
184.79	6.4142e-18
184.81	6.2026e-18
184.83	6.2725e-18
184.85	6.1717e-18
184.87	6.0813e-18
184.89	6.0379e-18
184.91	5.8816e-18
184.93	5.7875e-18
184.95	5.8200e-18
184.97	5.7990e-18
184.99	5.6845e-18
185.01	5.8177e-18
185.03	5.7250e-18
185.05	5.7408e-18
185.07	5.8069e-18
185.09	5.8885e-18
185.11	5.9914e-18
185.13	6.1709e-18
185.15	6.2705e-18
185.17	6.2994e-18
185.19	6.5501e-18
185.21	6.6637e-18
185.23	6.7984e-18
185.25	7.0168e-18
185.27	7.3776e-18
185.29	7.2939e-18
185.31	7.2982e-18
185.33	7.2087e-18
185.35	7.6480e-18
185.37	7.4574e-18
185.39	7.7006e-18
185.41	7.1205e-18
185.43	6.5546e-18
185.45	6.1556e-18
185.47	5.8028e-18
185.49	5.7177e-18
185.51	5.5161e-18
185.53	5.4381e-18
185.55	5.4992e-18
185.57	5.4430e-18
185.59	5.3238e-18
185.61	5.2085e-18
185.63	5.2839e-18
185.65	5.2425e-18
185.67	5.2304e-18
185.69	5.2827e-18
185.71	5.3753e-18
185.73	5.3879e-18
185.75	5.2794e-18
185.77	5.2353e-18
185.79	5.3914e-18
185.81	5.3442e-18
185.83	5.3773e-18
185.85	5.3075e-18
185.87	5.3786e-18
185.89	5.4119e-18
185.91	5.4200e-18
185.93	5.5271e-18
185.95	5.6572e-18
185.97	5.6155e-18
185.99	5.5378e-18
186.01	5.5671e-18
186.03	5.6173e-18
186.05	5.5726e-18
186.07	5.6735e-18
186.09	5.7570e-18
186.11	5.8371e-18
186.13	5.9309e-18
186.15	5.8396e-18
186.17	5.9344e-18
186.19	5.9579e-18
186.21	5.9749e-18
186.23	6.0427e-18
186.25	5.9331e-18
186.27	6.0392e-18
186.29	5.9048e-18
186.31	5.8968e-18
186.33	5.9276e-18
186.35	5.7265e-18
186.37	5.7649e-18
186.39	5.7874e-18
186.41	5.6218e-18
186.43	5.6101e-18
186.45	5.5435e-18
186.48	5.6477e-18
186.50	5.6471e-18
186.52	5.5706e-18
186.54	5.5783e-18
186.56	5.5879e-18
186.58	5.6069e-18
186.60	5.5768e-18
186.62	5.6494e-18
186.64	5.6476e-18
186.66	5.5732e-18
186.68	5.6629e-18
186.70	5.7646e-18
186.72	5.6440e-18
186.74	5.7867e-18
186.76	5.7876e-18
186.78	5.7646e-18
186.80	5.8031e-18
186.82	5.8118e-18
186.84	5.7690e-18
186.86	5.9174e-18
186.88	5.9428e-18
186.90	5.9356e-18
186.92	5.8894e-18
186.94	5.9723e-18
186.96	6.0043e-18
186.98	6.0625e-18
187.00	6.0866e-18
187.02	6.0338e-18
187.04	6.1056e-18
187.06	6.1217e-18
187.08	6.1391e-18
187.10	6.1170e-18
187.12	6.2234e-18
187.14	6.1866e-18
187.16	6.2106e-18
187.18	6.1779e-18
187.20	6.2543e-18
187.22	6.0862e-18
187.24	6.1394e-18
187.26	6.1013e-18
187.28	6.0696e-18
187.30	6.2374e-18
187.32	6.0713e-18
187.34	6.0977e-18
187.36	6.2177e-18
187.38	6.0957e-18
187.40	6.0564e-18
187.42	6.1900e-18
187.44	5.9026e-18
187.46	6.1502e-18
187.48	6.0809e-18
187.50	6.0726e-18
187.52	6.0909e-18
187.54	6.0729e-18
187.56	6.0046e-18
187.58	6.1932e-18
187.60	6.1093e-18
187.62	6.0559e-18
187.64	6.0179e-18
187.66	6.0796e-18
187.68	6.0633e-18
187.70	6.1089e-18
187.72	6.1038e-18
187.74	6.1611e-18
187.76	6.1163e-18
187.78	6.1621e-18
187.80	6.3282e-18
187.82	6.2014e-18
187.84	6.2267e-18
187.86	6.3758e-18
187.88	6.3004e-18
187.90	6.4019e-18
187.92	6.3487e-18
187.94	6.3801e-18
187.96	6.3209e-18
187.98	6.3546e-18
188.00	6.5229e-18
188.02	6.4547e-18
188.04	6.5866e-18
188.06	6.5212e-18
188.08	6.5742e-18
188.10	6.5294e-18
188.12	6.6330e-18
188.14	6.6822e-18
188.16	6.6433e-18
188.18	6.7001e-18
188.20	6.7289e-18
188.22	6.7111e-18
188.24	6.7406e-18
188.26	6.7768e-18
188.28	6.6874e-18
188.30	6.6878e-18
188.32	6.7533e-18
188.34	6.9936e-18
188.36	6.8954e-18
188.38	6.8422e-18
188.40	6.8882e-18
188.42	6.7907e-18
188.44	6.9802e-18
188.46	6.9747e-18
188.48	6.9940e-18
188.50	6.9399e-18
188.52	6.9475e-18
188.54	6.9687e-18
188.56	7.0824e-18
188.58	7.1464e-18
188.60	7.0729e-18
188.62	6.9622e-18
188.64	6.9711e-18
188.66	6.9512e-18
188.68	7.0504e-18
188.70	7.0981e-18
188.72	7.1084e-18
188.74	7.1065e-18
188.76	7.2187e-18
188.78	7.2826e-18
188.80	7.1271e-18
188.82	7.2232e-18
188.84	7.1562e-18
188.86	7.4066e-18
188.89	7.2876e-18
188.91	7.3262e-18
188.93	7.3903e-18
188.95	7.2174e-18
188.97	7.2685e-18
188.99	7.4166e-18
189.01	7.3176e-18
189.03	7.4692e-18
189.05	7.4863e-18
189.07	7.4598e-18
189.09	7.4332e-18
189.11	7.4804e-18
189.13	7.4429e-18
189.15	7.5212e-18
189.17	7.6011e-18
189.19	7.5464e-18
189.21	7.5597e-18
189.23	7.6450e-18
189.25	7.5709e-18
189.27	7.6757e-18
189.29	7.7118e-18
189.31	7.7278e-18
189.33	7.6957e-18
189.35	7.6833e-18
189.37	7.7560e-18
189.39	7.9174e-18
189.41	7.8026e-18
189.43	7.8012e-18
189.45	7.8575e-18
189.47	7.9301e-18
189.49	8.0030e-18
189.51	7.8450e-18
189.53	7.8599e-18
189.55	8.0963e-18
189.57	7.8729e-18
189.59	7.9509e-18
189.61	8.0631e-18
189.63	7.9683e-18
189.65	7.9813e-18
189.67	8.0840e-18
189.69	8.1109e-18
189.71	8.0385e-18
189.73	8.2069e-18
189.75	8.1711e-18
189.77	8.2312e-18
189.79	8.1019e-18
189.81	8.2708e-18
189.83	8.2493e-18
189.85	8.3149e-18
189.87	8.3271e-18
189.89	8.4362e-18
189.91	8.2825e-18
189.93	8.4452e-18
189.95	8.3437e-18
189.97	8.3510e-18
189.99	8.3755e-18
190.01	8.3803e-18
190.03	8.4065e-18
190.05	8.2735e-18
190.07	8.2774e-18
190.17	8.3461e-18
190.27	8.4972e-18
190.37	8.5787e-18
190.47	8.8330e-18
190.57	8.7713e-18
190.67	9.0406e-18
190.77	9.0281e-18
190.87	9.1577e-18
190.97	9.2546e-18
191.07	9.3638e-18
191.18	9.4694e-18
191.28	9.4448e-18
191.38	9.6150e-18
191.48	9.5815e-18
191.58	9.6651e-18
191.68	9.8304e-18
191.78	9.8158e-18
191.88	9.8513e-18
191.98	1.0058e-17
192.08	1.0152e-17
192.18	1.0346e-17
192.28	1.0500e-17
192.38	1.0589e-17
192.48	1.0766e-17
192.58	1.0823e-17
192.68	1.0995e-17
192.78	1.1066e-17
192.88	1.1259e-17
192.98	1.1314e-17
193.08	1.1436e-17
193.18	1.1698e-17
193.28	1.1874e-17
193.39	1.1966e-17
193.49	1.2205e-17
193.59	1.2188e-17
193.69	1.2538e-17
193.79	1.2684e-17
193.89	1.2904e-17
193.99	1.2916e-17
194.09	1.3008e-17
194.19	1.3206e-17
194.29	1.3329e-17
194.39	1.3553e-17
194.49	1.3953e-17
194.59	1.4152e-17
194.69	1.4476e-17
194.79	1.4623e-17
194.89	1.4642e-17
194.99	1.4681e-17
195.09	1.5113e-17
195.19	1.4989e-17
195.29	1.5304e-17
195.40	1.5019e-17
195.50	1.4887e-17
195.60	1.5223e-17
195.70	1.5255e-17
195.80	1.5424e-17
195.90	1.5613e-17
196.00	1.5700e-17
196.10	1.5992e-17
196.20	1.6100e-17
196.30	1.6275e-17
196.40	1.6440e-17
196.50	1.6552e-17
196.60	1.6717e-17
196.70	1.6893e-17
196.80	1.6979e-17
196.90	1.7208e-17
197.00	1.7318e-17
197.10	1.7585e-17
197.20	1.7570e-17
197.31	1.7698e-17
197.41	1.7930e-17
197.51	1.8051e-17
197.61	1.8291e-17
197.71	1.8319e-17
197.81	1.8416e-17
197.91	1.8566e-17
198.01	1.8892e-17
198.11	1.8869e-17
198.21	1.8963e-17
198.31	1.9179e-17
198.41	1.9357e-17
198.51	1.9594e-17
198.61	1.9752e-17
198.71	1.9754e-17
198.81	1.9892e-17
198.91	2.0133e-17
199.01	2.0327e-17
199.12	2.0466e-17
199.22	2.0675e-17
199.32	2.0787e-17
199.42	2.0946e-17
199.52	2.1098e-17
199.62	2.1223e-17
199.72	2.1477e-17
199.82	2.1574e-17
199.92	2.1702e-17
200.02	2.1775e-17
200.12	2.2017e-17
200.22	2.2276e-17
200.32	2.2344e-17
200.42	2.2536e-17
200.52	2.2684e-17
200.62	2.2813e-17
200.72	2.2882e-17
200.83	2.3035e-17
200.93	2.3043e-17
201.03	2.3241e-17
201.13	2.3338e-17
201.23	2.3279e-17
201.33	2.3456e-17
201.43	2.3618e-17
201.53	2.3882e-17
201.63	2.3865e-17
201.73	2.3935e-17
201.83	2.4120e-17
201.93	2.4142e-17
202.03	2.4308e-17
202.13	2.4469e-17
202.23	2.4437e-17
202.33	2.4695e-17
202.43	2.4722e-17
202.54	2.4604e-17
202.64	2.4799e-17
202.74	2.4926e-17
202.84	2.4917e-17
202.94	2.5158e-17
203.04	2.5294e-17
203.14	2.5227e-17
203.24	2.5179e-17
203.34	2.5315e-17
203.44	2.5471e-17
203.54	2.5496e-17
203.64	2.5638e-17
203.74	2.5657e-17
203.84	2.5808e-17
203.94	2.5788e-17
204.04	2.5898e-17
204.15	2.5856e-17
204.25	2.5929e-17
204.35	2.6021e-17
204.45	2.6203e-17
204.55	2.6121e-17
204.65	2.6104e-17
204.75	2.6166e-17
204.85	2.6041e-17
204.95	2.6205e-17
205.05	2.6131e-17
205.15	2.6282e-17
205.25	2.6228e-17
205.35	2.6340e-17
205.45	2.6389e-17
205.55	2.6294e-17
205.65	2.6387e-17
205.76	2.6484e-17
205.86	2.6339e-17
205.96	2.6540e-17
206.06	2.6508e-17
206.16	2.6614e-17
206.26	2.6526e-17
206.36	2.6497e-17
206.46	2.6590e-17
206.56	2.6542e-17
206.66	2.6569e-17
206.76	2.6438e-17
206.86	2.6516e-17
206.96	2.6418e-17
207.06	2.6184e-17
207.16	2.6314e-17
207.27	2.6270e-17
207.37	2.6249e-17
207.47	2.6114e-17
207.57	2.6055e-17
207.67	2.6027e-17
207.77	2.5914e-17
207.87	2.5868e-17
207.97	2.5756e-17
208.07	2.5628e-17
208.17	2.5477e-17
208.27	2.5549e-17
208.37	2.5364e-17
208.47	2.5086e-17
208.57	2.5040e-17
208.67	2.4941e-17
208.78	2.4770e-17
208.88	2.4503e-17
208.98	2.4536e-17
209.08	2.4422e-17
209.18	2.4307e-17
209.28	2.4169e-17
209.38	2.4118e-17
209.48	2.3906e-17
209.58	2.3738e-17
209.68	2.3648e-17
209.78	2.3502e-17
209.88	2.3268e-17
209.98	2.3012e-17
210.08	2.2936e-17
210.19	2.2825e-17
210.29	2.2707e-17
210.39	2.2451e-17
210.49	2.2325e-17
210.59	2.2202e-17
210.69	2.1964e-17
210.79	2.1800e-17
210.89	2.1505e-17
210.99	2.1430e-17
211.09	2.1170e-17
211.19	2.1013e-17
211.29	2.0917e-17
211.39	2.0746e-17
211.50	2.0462e-17
211.60	2.0243e-17
211.70	2.0194e-17
211.80	1.9872e-17
211.90	1.9882e-17
212.00	1.9565e-17
212.10	1.9433e-17
212.20	1.9125e-17
212.30	1.9007e-17
212.40	1.8892e-17
212.50	1.8563e-17
212.60	1.8440e-17
212.70	1.8205e-17
212.80	1.8035e-17
212.91	1.7877e-17
213.01	1.7698e-17
213.11	1.7528e-17
213.21	1.7326e-17
213.31	1.6878e-17
213.41	1.6849e-17
213.51	1.6662e-17
213.61	1.6330e-17
213.71	1.6227e-17
213.81	1.5895e-17
213.91	1.5679e-17
214.01	1.5603e-17
214.11	1.5181e-17
214.22	1.4874e-17
214.32	1.4838e-17
214.42	1.4518e-17
214.52	1.4287e-17
214.62	1.4037e-17
214.72	1.3745e-17
214.82	1.3577e-17
214.92	1.3298e-17
215.02	1.3112e-17
215.12	1.2696e-17
215.22	1.2609e-17
215.32	1.2478e-17
215.43	1.2084e-17
215.53	1.1755e-17
215.63	1.1533e-17
215.73	1.1274e-17
215.83	1.0944e-17
215.93	1.0602e-17
216.03	1.0393e-17
216.13	1.0191e-17
216.23	9.9255e-18
216.33	9.6662e-18
216.43	9.4457e-18
216.53	9.1456e-18
216.63	8.9423e-18
216.74	8.7200e-18
216.84	8.3872e-18
216.94	8.1584e-18
217.04	7.8853e-18
217.14	7.8159e-18
217.24	7.3717e-18
217.34	7.1056e-18
217.44	6.9927e-18
217.54	6.8674e-18
217.64	6.5046e-18
217.74	6.4244e-18
217.84	6.2779e-18
217.95	5.9372e-18
218.05	5.7112e-18
218.15	5.5735e-18
218.25	5.2754e-18
218.35	5.2333e-18
218.45	5.1117e-18
218.55	4.9094e-18
218.65	4.7527e-18
218.75	4.3604e-18
218.85	4.3835e-18
218.95	4.1548e-18
219.05	4.1512e-18
219.16	3.7516e-18
219.26	3.6904e-18
219.36	3.6394e-18
219.46	3.5363e-18
219.56	3.4072e-18
219.66	3.2411e-18
219.76	3.2220e-18
219.86	2.9398e-18
219.96	2.9710e-18
220.06	2.8699e-18
220.16	2.6008e-18
220.27	2.6199e-18
220.37	2.4431e-18
220.47	2.4492e-18
220.57	2.2372e-18
220.67	2.1899e-18
220.77	2.1630e-18
220.87	2.0185e-18
220.97	1.9145e-18
221.07	2.0369e-18
221.17	1.9460e-18
221.27	1.7239e-18
221.37	1.7299e-18
221.48	1.7279e-18
221.58	1.7148e-18
221.68	1.5394e-18
221.78	1.3712e-18
221.88	1.4159e-18
221.98	1.4600e-18
222.08	1.3545e-18
222.18	1.4413e-18
222.28	1.3315e-18
222.38	1.2945e-18
222.48	1.3509e-18
222.59	1.1971e-18
222.69	1.1916e-18
222.79	1.0903e-18
222.89	1.0141e-18
222.99	8.7849e-19
223.09	1.0081e-18
223.19	9.1807e-19
223.29	8.5128e-19
223.39	9.4454e-19
223.49	8.8015e-19
223.60	9.5577e-19
223.70	9.3935e-19
223.80	8.9407e-19
223.90	8.5789e-19
224.00	9.0402e-19
224.10	9.0009e-19
224.20	8.9905e-19
224.30	8.8114e-19
224.40	8.3136e-19
224.50	7.7615e-19
224.60	9.0791e-19
224.71	7.3464e-19
224.81	8.0000e-19
224.91	7.6865e-19
225.01	8.8130e-19
225.11	7.0266e-19
225.21	8.5908e-19
225.31	8.6336e-19
225.41	7.5787e-19
225.51	9.4903e-19
225.61	8.2600e-19
225.71	7.3269e-19
225.82	9.4238e-19
225.92	8.7088e-19
226.02	8.4353e-19
226.12	7.7254e-19
226.22	8.4449e-19
226.32	8.2972e-19
226.42	9.6083e-19
226.52	6.9535e-19
226.62	7.2920e-19
226.72	7.2893e-19
226.83	8.3646e-19
226.93	8.8393e-19
227.03	8.0558e-19
227.13	8.4707e-19
227.23	7.4055e-19
227.33	8.2915e-19
227.43	7.2265e-19
227.53	8.1230e-19
227.63	8.7957e-19
227.73	8.2033e-19
227.84	8.5358e-19
227.94	7.7332e-19
228.04	8.7972e-19
228.14	8.3017e-19
228.24	7.8405e-19
228.34	8.8263e-19
228.44	8.6876e-19
228.54	8.8991e-19
228.64	7.8092e-19
228.74	7.7051e-19
228.85	9.6048e-19
228.95	9.5105e-19
229.05	1.0075e-18
229.15	8.5526e-19
229.25	8.4814e-19
229.35	8.6285e-19
229.45	8.5475e-19
229.55	8.0644e-19
229.65	1.1249e-18
229.75	1.0112e-18
229.86	1.0880e-18
229.96	8.8904e-19
230.06	9.8306e-19
230.16	1.0458e-18
230.26	1.2659e-18
230.36	1.3333e-18
231.3  7.84e-19
232.3  4.61e-19
233.3  2.71e-19
234.3  1.60e-19
235.3  9.39e-20
236.3  5.52e-20
237.3	3.25e-20
237.4	3.16e-20
237.5	3.07e-20
237.6	2.99e-20
237.7	2.90e-20
237.8	2.82e-20
237.9	2.74e-20
238.0	2.65e-20
238.1	2.57e-20
238.2	2.49e-20
238.3	2.41e-20
238.4	2.32e-20
238.5	2.25e-20
238.6	2.17e-20
238.7	2.09e-20
238.8	2.01e-20
238.9	1.93e-20
239.0	1.86e-20
239.1	1.79e-20
239.2	1.72e-20
239.3	1.66e-20
239.4	1.59e-20
239.5	1.53e-20
239.6	1.47e-20
239.7	1.42e-20
239.8	1.36e-20
239.9	1.31e-20
240.0	1.25e-20
240.1	1.20e-20
240.2	1.15e-20
240.3	1.10e-20
240.4	1.06e-20
240.5	1.01e-20
240.6	9.67e-21
240.7	9.25e-21
240.8	8.85e-21
240.9	8.46e-21
241.0	8.09e-21
241.1	7.73e-21
241.2	7.40e-21
241.3	7.09e-21
241.4	6.79e-21
241.5	6.50e-21
241.6	6.23e-21
241.7	5.96e-21
241.8	5.70e-21
241.9	5.45e-21
242.0	5.23e-21
242.1	4.99e-21
242.2	4.78e-21
242.3	4.57e-21
242.4	4.38e-21
242.5	4.20e-21
242.6	4.02e-21
242.7	3.86e-21
242.8	3.69e-21
242.9	3.55e-21
243.0	3.41e-21
243.1	3.28e-21
243.2	3.16e-21
243.3	3.04e-21
243.4	2.94e-21
243.5	2.83e-21
243.6	2.73e-21
243.7	2.64e-21
243.8	2.55e-21
243.9	2.47e-21
244.0	2.39e-21
244.1	2.32e-21
244.2	2.25e-21
244.3	2.18e-21
244.4	2.11e-21
244.5	2.05e-21
244.6	1.99e-21
244.7	1.94e-21
244.8	1.89e-21
244.9	1.84e-21
245.0	1.80e-21
245.1	1.76e-21
245.2	1.72e-21
245.3	1.68e-21
245.4	1.64e-21
245.5	1.61e-21
245.6	1.58e-21
245.7	1.56e-21
245.8	1.53e-21
245.9	1.50e-21
246.0	1.47e-21
246.1	1.45e-21
246.2	1.42e-21
246.3	1.41e-21
246.4	1.39e-21
246.5	1.37e-21
246.6	1.35e-21
246.7	1.33e-21
246.8	1.32e-21
246.9	1.30e-21
247.0	1.29e-21
247.1	1.28e-21
247.2	1.26e-21
247.3	1.25e-21
247.4	1.24e-21
247.5	1.23e-21
247.6	1.22e-21
247.7	1.20e-21
247.8	1.20e-21
247.9	1.18e-21
248.0	1.18e-21
248.1	1.17e-21
248.2	1.16e-21
248.3	1.16e-21
248.4	1.15e-21
248.5	1.15e-21
248.6	1.14e-21
248.7	1.14e-21
248.8	1.14e-21
248.9	1.13e-21
249.0	1.12e-21
249.1	1.12e-21
249.2	1.12e-21
249.3	1.12e-21
249.4	1.11e-21
249.5	1.11e-21
249.6	1.11e-21
249.7	1.11e-21
249.8	1.10e-21
249.9	1.10e-21
250.0	1.10e-21
250.1	1.10e-21
250.2	1.09e-21
250.3	1.09e-21
250.4	1.09e-21
250.5	1.09e-21
250.6	1.09e-21
250.7	1.09e-21
250.8	1.09e-21
250.9	1.09e-21
251.0	1.09e-21
251.1	1.09e-21
251.2	1.09e-21
251.3	1.09e-21
251.4	1.09e-21
251.5	1.09e-21
251.6	1.10e-21
251.7	1.10e-21
251.8	1.09e-21
251.9	1.10e-21
252.0	1.10e-21
252.1	1.10e-21
252.2	1.11e-21
252.3	1.11e-21
252.4	1.11e-21
252.5	1.12e-21
252.6	1.11e-21
252.7	1.11e-21
252.8	1.11e-21
252.9	1.11e-21
253.0	1.12e-21
253.1	1.12e-21
253.2	1.12e-21
253.3	1.13e-21
253.4	1.13e-21
253.5	1.13e-21
253.6	1.14e-21
253.7	1.14e-21
253.8	1.15e-21
253.9	1.15e-21
254.0	1.17e-21
254.1	1.18e-21
254.2	1.18e-21
254.3	1.17e-21
254.4	1.17e-21
254.5	1.17e-21
254.6	1.18e-21
254.7	1.19e-21
254.8	1.19e-21
254.9	1.19e-21
255.0	1.20e-21
255.1	1.21e-21
255.2	1.21e-21
255.3	1.22e-21
255.4	1.23e-21
255.5	1.23e-21
255.6	1.24e-21
255.7	1.25e-21
255.8	1.25e-21
255.9	1.26e-21
256.0	1.27e-21
256.1	1.27e-21
256.2	1.28e-21
256.3	1.29e-21
256.4	1.30e-21
256.5	1.30e-21
256.6	1.31e-21
256.7	1.31e-21
256.8	1.33e-21
256.9	1.33e-21
257.0	1.35e-21
257.1	1.35e-21
257.2	1.37e-21
257.3	1.37e-21
257.4	1.38e-21
257.5	1.39e-21
257.6	1.40e-21
257.7	1.41e-21
257.8	1.42e-21
257.9	1.43e-21
258.0	1.46e-21
258.1	1.48e-21
258.2	1.49e-21
258.3	1.50e-21
258.4	1.52e-21
258.5	1.53e-21
258.6	1.54e-21
258.7	1.55e-21
258.8	1.56e-21
258.9	1.58e-21
259.0	1.59e-21
259.1	1.61e-21
259.2	1.62e-21
259.3	1.64e-21
259.4	1.65e-21
259.5	1.67e-21
259.6	1.68e-21
259.7	1.70e-21
259.8	1.71e-21
259.9	1.73e-21
260.0	1.74e-21
260.1	1.76e-21
260.2	1.77e-21
260.3	1.79e-21
260.4	1.81e-21
260.5	1.82e-21
260.6	1.84e-21
260.7	1.85e-21
260.8	1.87e-21
260.9	1.89e-21
261.0	1.90e-21
261.1	1.92e-21
261.2	1.93e-21
261.3	1.95e-21
261.4	1.96e-21
261.5	1.98e-21
261.6	2.00e-21
261.7	2.02e-21
261.8	2.03e-21
261.9	2.05e-21
262.0	2.07e-21
262.1	2.09e-21
262.2	2.11e-21
262.3	2.13e-21
262.4	2.15e-21
262.5	2.17e-21
262.6	2.19e-21
262.7	2.22e-21
262.8	2.26e-21
262.9	2.31e-21
263.0	2.33e-21
263.1	2.35e-21
263.2	2.38e-21
263.3	2.40e-21
263.4	2.43e-21
263.5	2.45e-21
263.6	2.47e-21
263.7	2.50e-21
263.8	2.52e-21
263.9	2.55e-21
264.0	2.57e-21
264.1	2.59e-21
264.2	2.62e-21
264.3	2.64e-21
264.4	2.67e-21
264.5	2.69e-21
264.6	2.72e-21
264.7	2.75e-21
264.8	2.77e-21
264.9	2.80e-21
265	2.832652e-21
266	3.045101e-21
267	3.328366e-21
268	3.625794e-21
269	3.979876e-21
270	4.362284e-21
271	4.787182e-21
272	5.197916e-21
273	5.665304e-21
274	6.161018e-21
275	6.727548e-21
276	7.322406e-21
277	7.931425e-21
278	8.625425e-21
279	9.361915e-21
280	1.011257e-20
281	1.093404e-20
282	1.175551e-20
283	1.261946e-20
284	1.351175e-20
285	1.454567e-20
286	1.562207e-20
287	1.674097e-20
288	1.785987e-20
289	1.903542e-20
290	2.028179e-20
291	2.155648e-20
292	2.278869e-20
293	2.395007e-20
294	2.515395e-20
295	2.682521e-20
296	2.846815e-20
297	2.987032e-20
298	3.127248e-20
299	3.264631e-20
300	3.440256e-20
301	3.611631e-20
302	3.761762e-20
303	3.911892e-20
304	4.040778e-20
305	4.193741e-20
306	4.401941e-20
307	4.583231e-20
308	4.707867e-20
309	4.812676e-20
310	4.924565e-20
311	5.132765e-20
312	5.345214e-20
313	5.495345e-20
314	5.605818e-20
315	5.704961e-20
316	5.869255e-20
317	6.042046e-20
318	6.189345e-20
319	6.279989e-20
320	6.270075e-20
321	6.180847e-20
322	6.206340e-20
323	6.336642e-20
324	6.578834e-20
325	6.741711e-20
326	6.726132e-20
327	6.675144e-20
328	6.833773e-20
329	7.068883e-20
330	7.148197e-20
331	7.163776e-20
332	7.027809e-20
333	6.686475e-20
334	6.413124e-20
335	6.081704e-20
336	5.969814e-20
337	6.251663e-20
338	6.379132e-20
339	6.372051e-20
340	6.236083e-20
341	6.023635e-20
342	5.975479e-20
343	6.577418e-20
344	6.791283e-20
345	6.534928e-20
346	6.105781e-20
347	5.627063e-20
348	5.223410e-20
349	4.550655e-20
350	4.163998e-20
351	3.846741e-20
352	3.892064e-20
353	4.352370e-20
354	4.311296e-20
355	4.144170e-20
356	3.621545e-20
357	3.525235e-20
358	3.461501e-20
359	3.814166e-20
360	5.054867e-20
361	4.282970e-20
362	3.605966e-20
363	2.863811e-20
364	2.683938e-20
365	2.325607e-20
366	1.923371e-20
367	1.617444e-20
368	1.399330e-20
369	1.305853e-20
370	1.421991e-20
371	1.667016e-20
372	1.532465e-20
373	1.429073e-20
374	1.082073e-20
375	9.772649e-21
376	9.999261e-21
377	1.069326e-20
378	1.352591e-20
379	2.176893e-20
380	1.301604e-20
381	9.843465e-21
382	5.551998e-21
383	4.560569e-21
384	3.639958e-21
385	3.314203e-21
386	2.464407e-21
387	2.053673e-21
388	1.812897e-21
389	1.614612e-21
390	1.472979e-21
391	1.557959e-21
392	1.586285e-21
393	1.529632e-21
394	1.487142e-21
395	1.232204e-21
