  6.525	6.805e-19
  6.888	6.585e-19
  7.293	6.256e-19
  7.749	9.878e-19
  8.266	8.890e-19
  8.856	1.295e-18
  9.537	1.504e-18
 10.3	1.811e-18
 11.3	2.063e-18
 12.4	2.623e-18
 13.8	3.216e-18
 15.5	4.335e-18
 15.9	4.697e-18
 16.3	5.049e-18
 16.8	5.005e-18
 17.2	5.389e-18
 17.7	5.828e-18
 18.2	6.212e-18
 18.8	6.365e-18
 19.4	6.958e-18
 20.0	7.233e-18
 20.7	7.639e-18
 21.0	7.968e-18
 21.4	8.253e-18
 21.8	8.659e-18
 22.1	9.043e-18
 22.5	9.471e-18
 23.0	9.669e-18
 23.4	9.954e-18
 23.8	1.039e-17
 24.3	1.084e-17
 24.8	1.128e-17
 25.3	1.171e-17
 25.8	1.198e-17
 26.4	1.229e-17
 27.0	1.250e-17
 27.6	1.271e-17
 28.2	1.305e-17
 28.8	1.319e-17
 29.5	1.344e-17
 30.2	1.362e-17
 31.0	1.385e-17
 31.8	1.452e-17
 32.6	1.501e-17
 33.5	1.529e-17
 34.4	1.569e-17
 35.4	1.651e-17
 36.5	1.716e-17
 37.6	1.817e-17
 38.7	1.927e-17
 40.0	2.004e-17
 41.3	2.086e-17
 42.0	2.150e-17
 42.8	2.215e-17
 43.5	2.247e-17
 44.3	2.339e-17
 45.1	2.407e-17
 45.9	2.456e-17
 46.8	2.488e-17
 47.7	2.622e-17
 48.6	2.570e-17
 49.6	2.636e-17
 50.6	2.609e-17
 51.7	2.677e-17
 52.8	2.623e-17
 53.9	2.649e-17
 55.1	2.683e-17
56.43	2.65e-17
56.53	2.56e-17
56.60	2.65e-17
56.69	2.58e-17
56.84	2.65e-17
56.96	2.64e-17
57.07	2.61e-17
57.08	2.53e-17
57.13	2.68e-17
57.22	2.59e-17
57.34	2.56e-17
57.42	2.65e-17
57.53	2.57e-17
57.68	2.63e-17
57.81	2.59e-17
58.02	2.61e-17
58.17	2.62e-17
58.30	2.57e-17
58.50	2.62e-17
58.59	2.68e-17
58.70	2.60e-17
58.83	2.55e-17
58.98	2.58e-17
59.19	2.53e-17
59.32	2.58e-17
59.38	2.65e-17
59.54	2.66e-17
59.60	2.59e-17
59.76	2.56e-17
59.93	2.55e-17
60.09	2.50e-17
60.19	2.59e-17
60.32	2.50e-17
60.41	2.58e-17
60.60	2.61e-17
60.68	2.50e-17
60.86	2.48e-17
61.06	2.45e-17
61.17	2.50e-17
61.26	2.57e-17
61.28	2.68e-17
61.39	2.76e-17
61.49	2.67e-17
61.60	2.60e-17
61.73	2.50e-17
61.97	2.52e-17
62.08	2.43e-17
62.23	2.37e-17
62.42	2.34e-17
62.62	2.32e-17
62.76	2.28e-17
62.86	2.32e-17
63.00	2.27e-17
63.27	2.24e-17
63.47	2.22e-17
63.74	2.24e-17
63.92	2.21e-17
64.16	2.23e-17
64.28	2.27e-17
64.44	2.33e-17
64.57	2.38e-17
64.78	2.42e-17
64.93	2.51e-17
64.96	2.44e-17
65.02	2.39e-17
65.06	2.31e-17
65.19	2.27e-17
65.30	2.24e-17
65.30	2.24e-17
65.44	2.25e-17
65.54	2.21e-17
65.70	2.16e-17
65.86	2.10e-17
66.00	2.09e-17
66.13	2.10e-17
66.34	2.07e-17
66.52	2.09e-17
66.71	2.06e-17
66.81	2.09e-17
66.99	2.05e-17
67.14	2.07e-17
67.23	2.02e-17
67.40	2.03e-17
67.60	2.06e-17
67.74	2.00e-17
67.88	1.94e-17
68.04	2.05e-17
68.25	2.01e-17
68.37	1.97e-17
68.51	2.01e-17
68.65	2.08e-17
68.68	2.19e-17
68.81	2.24e-17
69.02	2.23e-17
69.08	2.18e-17
69.16	2.11e-17
69.30	2.07e-17
69.39	2.01e-17
69.51	1.96e-17
69.56	2.11e-17
69.64	2.27e-17
69.70	2.35e-17
69.81	2.30e-17
69.86	2.18e-17
69.93	2.12e-17
69.95	2.06e-17
70.02	1.93e-17
70.18	1.95e-17
70.32	2.02e-17
70.40	2.10e-17
70.52	2.16e-17
70.61	2.27e-17
70.74	2.44e-17
70.83	2.21e-17
70.84	2.24e-17
70.87	2.09e-17
71.05	2.04e-17
71.12	1.98e-17
71.13	1.92e-17
71.18	1.86e-17
71.34	1.96e-17
71.49	2.04e-17
71.62	1.96e-17
71.68	1.84e-17
71.79	1.91e-17
71.87	1.99e-17
71.97	2.06e-17
72.05	2.17e-17
72.19	2.21e-17
72.25	2.02e-17
72.32	1.90e-17
72.50	2.13e-17
72.58	2.33e-17
72.63	2.41e-17
72.69	2.48e-17
72.75	2.59e-17
72.90	2.41e-17
72.99	2.45e-17
73.10	2.58e-17
73.18	2.35e-17
73.19	2.52e-17
73.26	2.30e-17
73.34	2.25e-17
73.40	1.99e-17
73.45	1.87e-17
73.46	1.80e-17
73.53	1.73e-17
73.63	1.79e-17
73.68	1.84e-17
73.79	1.89e-17
73.84	2.03e-17
73.93	2.23e-17
74.01	2.13e-17
74.02	2.09e-17
74.04	1.80e-17
74.13	1.63e-17
74.20	1.72e-17
74.27	1.79e-17
74.38	1.84e-17
74.44	1.92e-17
74.50	2.01e-17
74.59	2.10e-17
74.65	1.88e-17
74.70	2.04e-17
74.73	1.83e-17
74.78	1.71e-17
74.86	1.74e-17
74.97	1.79e-17
75.06	1.87e-17
75.20	1.93e-17
75.30	1.86e-17
75.34	1.81e-17
75.48	1.67e-17
75.58	1.75e-17
75.67	1.84e-17
75.85	1.79e-17
75.94	1.68e-17
76.06	1.76e-17
76.10	1.86e-17
76.28	1.61e-17
76.34	1.70e-17
76.42	1.83e-17
76.46	2.02e-17
76.63	1.82e-17
76.63	1.80e-17
76.72	1.39e-17
76.83	1.26e-17
76.89	1.33e-17
76.94	1.51e-17
77.01	1.80e-17
77.13	2.20e-17
77.22	2.54e-17
77.30	1.86e-17
77.30	2.39e-17
77.35	1.55e-17
77.45	1.38e-17
77.49	1.28e-17
77.52	1.42e-17
77.63	1.50e-17
77.77	1.38e-17
77.88	1.22e-17
78.02	1.22e-17
78.08	1.50e-17
78.15	1.89e-17
78.22	2.48e-17
78.28	3.38e-17
78.35	3.94e-17
78.41	3.58e-17
78.49	2.63e-17
78.54	2.13e-17
78.63	1.87e-17
78.75	1.72e-17
78.88	1.68e-17
78.99	1.82e-17
79.04	1.99e-17
79.13	2.21e-17
79.27	2.47e-17
79.34	2.34e-17
79.38	2.05e-17
79.53	1.94e-17
79.59	1.98e-17
79.75	2.03e-17
79.83	2.20e-17
79.92	2.41e-17
80.02	2.78e-17
80.15	2.83e-17
80.27	2.67e-17
80.37	2.50e-17
80.45	2.36e-17
80.58	2.16e-17
80.68	2.37e-17
80.75	2.66e-17
80.81	3.19e-17
80.88	3.98e-17
80.95	4.90e-17
81.02	5.25e-17
81.10	4.84e-17
81.18	3.68e-17
81.23	2.54e-17
81.30	1.98e-17
81.36	1.52e-17
81.41	1.35e-17
81.49	1.17e-17
81.61	1.21e-17
81.74	1.27e-17
81.85	1.37e-17
82.02	1.49e-17
82.13	1.36e-17
82.27	1.23e-17
82.37	1.29e-17
82.49	1.42e-17
82.64	1.49e-17
82.81	1.46e-17
83.06	1.32e-17
83.17	1.48e-17
83.29	1.63e-17
83.43	1.83e-17
83.57	1.71e-17
83.69	1.48e-17
83.88	1.41e-17
84.11	1.54e-17
84.19	1.71e-17
84.30	1.86e-17
84.47	1.64e-17
84.64	1.52e-17
84.76	1.57e-17
84.94	1.75e-17
85.09	1.94e-17
85.29	1.86e-17
85.42	1.69e-17
85.60	1.63e-17
85.78	1.49e-17
85.97	1.73e-17
86.19	1.85e-17
86.35	1.65e-17
86.50	1.50e-17
86.63	1.59e-17
86.72	1.73e-17
86.89	1.89e-17
87.02	1.71e-17
87.15	1.55e-17
87.34	1.47e-17
87.52	1.57e-17
87.64	1.69e-17
87.75	1.92e-17
87.90	2.08e-17
88.01	2.31e-17
88.10	2.56e-17
88.16	2.70e-17
88.26	2.77e-17
88.43	2.74e-17
88.67	2.76e-17
88.79	2.94e-17
88.84	3.40e-17
88.92	4.13e-17
89.04	4.18e-17
89.09	3.76e-17
89.19	3.37e-17
89.28	3.48e-17
89.37	4.09e-17
89.45	5.30e-17
89.51	7.87e-17
89.59	1.18e-16
89.73	1.51e-16
89.85	1.13e-16
89.95	6.77e-17
90.03	4.59e-17
90.12	3.64e-17
90.19	3.24e-17
90.29	3.02e-17
90.37	3.02e-17
90.45	3.15e-17
90.54	3.50e-17
90.61	3.97e-17
90.70	4.29e-17
90.80	4.39e-17
90.88	4.06e-17
90.97	3.63e-17
91.07	3.36e-17
91.15	3.03e-17
91.36	2.84e-17
91.56	2.96e-17
91.75	3.10e-17
91.88	3.17e-17
92.02	3.10e-17
92.15	3.02e-17
92.29	3.11e-17
92.49	3.19e-17
92.71	3.04e-17
92.86	2.87e-17
93.05	2.75e-17
93.16	2.46e-17
93.25	2.18e-17
93.35	1.96e-17
93.44	1.85e-17
93.62	1.90e-17
93.71	2.11e-17
93.79	2.30e-17
93.91	2.60e-17
93.97	2.88e-17
94.07	3.01e-17
94.17	3.09e-17
94.27	2.87e-17
94.36	2.62e-17
94.46	2.30e-17
94.57	2.07e-17
94.66	1.86e-17
94.81	1.62e-17
95.04	1.56e-17
95.29	1.64e-17
95.44	1.77e-17
95.58	1.82e-17
95.73	1.78e-17
95.84	1.82e-17
95.92	1.88e-17
96.01	1.93e-17
96.10	1.97e-17
96.25	1.95e-17
96.33	1.88e-17
96.53	1.92e-17
96.61	2.02e-17
96.74	1.99e-17
96.84	2.07e-17
97.08	2.10e-17
97.22	2.16e-17
97.35	2.08e-17
97.51	2.03e-17
97.67	1.97e-17
97.84	2.03e-17
97.95	2.02e-17
98.06	2.11e-17
98.14	2.26e-17
98.24	2.51e-17
98.36	2.67e-17
98.45	2.55e-17
98.55	2.34e-17
98.64	2.19e-17
98.75	1.97e-17
98.83	1.90e-17
99.04	1.91e-17
99.30	1.94e-17
99.45	1.99e-17
99.58	1.95e-17
99.68	2.11e-17
99.77	2.34e-17
99.91	2.44e-17
99.99	2.54e-17
100.10	2.67e-17
100.19	2.52e-17
100.31	2.37e-17
100.41	2.19e-17
100.52	2.03e-17
100.65	2.00e-17
100.72	1.89e-17
100.84	1.83e-17
100.94	1.76e-17
101.05	1.69e-17
101.25	1.67e-17
101.36	1.72e-17
101.48	1.79e-17
101.58	1.87e-17
101.74	1.94e-17
101.83	2.05e-17
101.92	2.11e-17
102.06	2.14e-17
102.14	2.17e-17
102.27	2.17e-17
102.39	2.04e-17
102.48	1.99e-17
102.57	1.82e-17
102.69	1.65e-17
102.81	1.45e-17
102.92	1.31e-17
103.04	1.26e-17
103.16	1.29e-17
103.23	1.38e-17
103.39	1.46e-17
103.49	1.52e-17
103.61	1.56e-17
103.70	1.47e-17
103.94	1.45e-17
104.08	1.46e-17
104.17	1.51e-17
104.28	1.57e-17
104.45	1.58e-17
104.53	1.45e-17
104.64	1.32e-17
104.74	1.18e-17
104.87	1.06e-17
104.98	1.00e-17
105.13	1.05e-17
105.24	1.14e-17
105.34	1.22e-17
105.48	1.27e-17
105.69	1.21e-17
105.84	1.18e-17
105.95	1.15e-17
106.03	1.04e-17
106.16	1.00e-17
106.33	1.02e-17
106.39	1.07e-17
106.53	1.10e-17
106.66	1.04e-17
106.77	9.41e-18
106.90	8.59e-18
107.01	7.65e-18
107.31	7.63e-18
107.52	8.03e-18
107.63	8.66e-18
107.75	9.15e-18
107.87	9.48e-18
108.20	9.41e-18
108.41	9.16e-18
108.48	8.73e-18
108.58	8.50e-18
108.74	8.29e-18
108.83	7.77e-18
108.97	7.09e-18
109.11	6.69e-18
109.19	6.04e-18
109.34	5.99e-18
109.43	5.52e-18
109.70	5.50e-18
109.92	5.36e-18
110.14	5.26e-18
110.42	5.12e-18
110.61	5.45e-18
110.72	5.87e-18
110.87	6.41e-18
111.12	6.48e-18
111.26	6.23e-18
111.35	5.45e-18
111.53	4.96e-18
111.72	4.63e-18
111.91	4.51e-18
112.16	4.37e-18
112.32	4.00e-18
112.54	4.12e-18
112.76	3.79e-18
112.93	4.05e-18
113.11	3.76e-18
113.24	3.37e-18
113.46	3.44e-18
113.62	3.58e-18
113.90	3.65e-18
114.29	3.48e-18
114.57	3.53e-18
114.85	3.39e-18
115.03	3.13e-18
115.23	2.88e-18
115.58	2.92e-18
115.88	2.85e-18
116.30	2.71e-18
116.61	2.60e-18
116.91	2.64e-18
117.24	2.69e-18
117.71	2.76e-18
118.00	2.60e-18
118.28	2.46e-18
118.70	2.43e-18
119.20	2.34e-18
119.66	2.25e-18
119.77	2.13e-18
120.06	2.25e-18
120.55	2.08e-18
120.80	2.09e-18
121.02	2.06e-18
121.43	2.09e-18
121.81	2.20e-18
122.06	1.99e-18
122.37	2.02e-18
122.66	2.11e-18
123.07	2.04e-18
123.51	2.11e-18
123.93	1.95e-18
124.10	1.92e-18
124.25	2.00e-18
124.44	2.11e-18
124.60	2.30e-18
124.77	2.32e-18
124.93	2.46e-18
125.07	2.36e-18
125.28	2.32e-18
125.40	2.06e-18
125.59	2.30e-18
125.75	2.32e-18
125.92	2.26e-18
126.09	2.17e-18
126.25	2.25e-18
126.42	2.14e-18
126.56	2.29e-18
126.76	2.33e-18
126.95	2.42e-18
127.12	2.38e-18
127.31	2.48e-18
127.42	2.41e-18
127.61	2.36e-18
127.81	2.36e-18
127.98	2.49e-18
128.17	2.41e-18
128.33	2.75e-18
128.49	2.84e-18
128.63	2.84e-18
128.86	2.65e-18
129.00	2.60e-18
129.21	2.53e-18
129.35	2.62e-18
129.51	2.60e-18
129.75	2.50e-18
129.90	2.35e-18
130.13	2.35e-18
130.28	2.14e-18
130.45	2.41e-18
130.64	2.44e-18
130.81	2.50e-18
131.01	2.42e-18
131.19	2.34e-18
131.38	2.31e-18
131.52	2.10e-18
131.72	2.30e-18
131.90	2.39e-18
132.08	2.71e-18
132.27	2.83e-18
132.45	2.97e-18
132.63	2.91e-18
132.80	2.63e-18
133.03	2.40e-18
133.19	2.49e-18
133.39	2.69e-18
133.57	2.97e-18
133.73	2.81e-18
133.94	2.53e-18
134.14	2.17e-18
134.30	2.21e-18
134.49	2.09e-18
134.66	2.15e-18
134.91	2.18e-18
135.09	2.30e-18
135.27	2.17e-18
135.47	2.08e-18
135.68	2.09e-18
135.87	2.31e-18
136.04	2.80e-18
136.27	3.52e-18
136.45	3.74e-18
136.66	3.62e-18
136.87	3.14e-18
137.03	2.75e-18
137.23	2.61e-18
137.46	2.88e-18
137.66	3.35e-18
137.86	3.61e-18
138.08	3.21e-18
138.25	2.76e-18
138.44	2.25e-18
138.64	2.03e-18
138.89	2.13e-18
139.04	2.66e-18
139.26	2.94e-18
139.47	2.76e-18
139.67	2.41e-18
139.89	2.21e-18
140.10	2.54e-18
140.31	3.21e-18
140.55	4.13e-18
140.75	4.90e-18
140.94	4.64e-18
141.15	3.88e-18
141.36	3.06e-18
141.53	2.37e-18
141.73	1.94e-18
141.92	2.16e-18
142.14	2.74e-18
142.38	3.31e-18
142.62	3.49e-18
142.88	3.11e-18
143.02	2.68e-18
143.22	2.36e-18
143.41	1.78e-18
143.65	1.85e-18
143.89	2.61e-18
144.12	3.30e-18
144.37	4.12e-18
144.55	4.46e-18
144.77	4.71e-18
145.01	5.09e-18
145.23	4.77e-18
145.43	3.95e-18
145.71	3.34e-18
145.87	3.20e-18
146.09	2.96e-18
146.34	2.39e-18
146.54	1.79e-18
146.76	1.39e-18
146.98	1.33e-18
147.22	1.77e-18
147.48	2.46e-18
147.69	3.28e-18
147.98	3.47e-18
148.20	3.34e-18
148.40	2.83e-18
148.57	2.24e-18
148.82	9.06e-19
149.10	2.78e-18
149.32	3.78e-18
149.57	4.65e-18
149.82	4.88e-18
150.04	4.76e-18
150.24	4.09e-18
150.47	3.05e-18
150.75	2.09e-18
150.91	1.31e-18
151.17	1.04e-18
151.35	1.20e-18
151.61	1.41e-18
151.93	1.54e-18
152.16	1.87e-18
152.39	2.51e-18
152.63	2.90e-18
152.89	2.45e-18
153.15	1.85e-18
153.38	1.39e-18
153.59	1.15e-18
153.94	1.15e-18
154.06	1.39e-18
154.36	1.96e-18
154.64	2.89e-18
154.88	3.52e-18
155.12	3.64e-18
155.42	3.19e-18
155.63	2.61e-18
155.90	2.23e-18
156.17	1.76e-18
156.44	1.34e-18
156.65	8.78e-19
156.87	9.38e-19
157.21	1.15e-18
157.43	1.56e-18
157.80	2.03e-18
158.15	1.63e-18
158.46	1.22e-18
158.77	8.20e-19
159.02	6.39e-19
159.46	6.89e-19
159.78	8.35e-19
160.04	1.13e-18
160.33	1.57e-18
160.63	2.29e-18
161.14	1.99e-18
161.34	1.73e-18
161.69	1.60e-18
161.86	1.67e-18
162.25	1.59e-18
162.51	1.08e-18
163.11	8.00e-19
163.81	1.00e-18
164.28	8.57e-19
165.03	5.88e-19
165.61	7.76e-19
165.99	1.12e-18
166.27	1.71e-18
166.62	2.62e-18
166.83	3.04e-18
167.14	2.58e-18
167.42	2.15e-18
167.70	1.96e-18
168.02	2.01e-18
168.33	1.69e-18
168.62	1.59e-18
168.87	1.79e-18
169.22	1.93e-18
169.58	1.51e-18
169.87	9.71e-19
170.08	7.04e-19
170.44	6.42e-19
170.73	7.79e-19
171.06	9.08e-19
171.28	1.07e-18
171.91	1.15e-18
172.10	1.45e-18
172.36	2.17e-18
172.63	3.53e-18
173.02	5.27e-18
173.39	5.67e-18
173.43	5.07e-18
173.57	4.14e-18
173.86	2.48e-18
174.28	1.80e-18
174.93	2.91e-18
175.25	4.48e-18
175.44	4.97e-18
175.56	4.62e-18
175.60	5.55e-18
175.94	4.94e-18
176.25	4.37e-18
176.87	3.80e-18
177.10	2.43e-18
177.44	1.49e-18
177.96	1.13e-18
178.55	1.48e-18
178.84	2.10e-18
179.08	3.04e-18
179.54	4.55e-18
179.87	6.45e-18
180.28	7.28e-18
180.60	5.77e-18
180.91	3.42e-18
181.19	2.11e-18
181.56	1.90e-18
181.76	2.10e-18
181.89	2.66e-18
182.32	4.22e-18
182.71	6.82e-18
183.10	9.01e-18
183.52	8.19e-18
183.71	5.10e-18
184.07	2.44e-18
184.40	1.39e-18
184.57	1.22e-18
185.12	1.16e-18
185.38	9.87e-19
185.81	8.65e-19
186.59	1.17e-18
186.95	1.82e-18
187.35	2.98e-18
187.66	4.15e-18
187.89	4.28e-18
188.19	3.99e-18
188.45	2.79e-18
188.75	1.51e-18
189.51	9.61e-19
189.96	1.24e-18
190.33	1.95e-18
190.79	3.20e-18
191.16	4.14e-18
191.26	4.37e-18
191.53	3.80e-18
191.88	2.37e-18
192.29	1.11e-18
192.61	5.67e-19
192.98	3.43e-19
194.20	2.63e-19
195.00	4.94e-19
195.39	6.05e-19
195.87	7.24e-19
196.20	5.60e-19
196.59	3.61e-19
197.07	2.23e-19
198.78	1.68e-19
200.58	1.56e-19
202.25	1.87e-19
202.77	2.47e-19
203.75	4.69e-19
204.22	7.18e-19
204.64	1.04e-18
205.11	1.17e-18
205.59	8.27e-19
205.95	4.65e-19
206.43	2.15e-19
208.04	1.17e-19
210.01	1.22e-19
211.95	1.62e-19
213.20	2.98e-19
213.83	4.69e-19
214.29	7.70e-19
214.70	1.17e-18
215.27	1.25e-18
215.68	8.79e-19
216.20	5.08e-19
216.61	2.32e-19
217.43	1.19e-19
218.86	7.38e-20
220.30	4.58e-20
221.83	8.65e-20
223.63	1.27e-19
224.64	1.77e-19
225.40	3.48e-19
225.72	5.89e-19
226.49	6.65e-19
227.13	5.26e-19
227.58	2.85e-19
228.55	9.40e-20
