 82.80 0.00000000e+00
 82.90 0.00000000e+00
 83.00 0.00000000e+00
 83.10 0.00000000e+00
 83.20 0.00000000e+00
 83.30 0.00000000e+00
 83.40 0.00000000e+00
 83.50 0.00000000e+00
 83.60 0.00000000e+00
 83.70 0.00000000e+00
 83.80 0.00000000e+00
 83.90 0.00000000e+00
 84.00 0.00000000e+00
 84.10 0.00000000e+00
 84.20 0.00000000e+00
 84.30 0.00000000e+00
 84.40 0.00000000e+00
 84.50 0.00000000e+00
 84.60 0.00000000e+00
 84.70 0.00000000e+00
 84.80 0.00000000e+00
 84.90 0.00000000e+00
 85.00 0.00000000e+00
 85.10 0.00000000e+00
 85.20 0.00000000e+00
 85.30 0.00000000e+00
 85.40 0.00000000e+00
 85.50 0.00000000e+00
 85.60 0.00000000e+00
 85.70 0.00000000e+00
 85.80 0.00000000e+00
 85.90 0.00000000e+00
 86.00 0.00000000e+00
 86.10 0.00000000e+00
 86.20 0.00000000e+00
 86.30 0.00000000e+00
 86.40 0.00000000e+00
 86.50 0.00000000e+00
 86.60 0.00000000e+00
 86.70 0.00000000e+00
 86.80 0.00000000e+00
 86.90 0.00000000e+00
 87.00 0.00000000e+00
 87.10 0.00000000e+00
 87.20 0.00000000e+00
 87.30 0.00000000e+00
 87.40 0.00000000e+00
 87.50 0.00000000e+00
 87.60 0.00000000e+00
 87.70 0.00000000e+00
 87.80 0.00000000e+00
 87.90 0.00000000e+00
 88.00 0.00000000e+00
 88.10 0.00000000e+00
 88.20 0.00000000e+00
 88.30 0.00000000e+00
 88.40 0.00000000e+00
 88.50 0.00000000e+00
 88.60 0.00000000e+00
 88.70 0.00000000e+00
 88.80 0.00000000e+00
 88.90 0.00000000e+00
 89.00 0.00000000e+00
 89.10 0.00000000e+00
 89.20 0.00000000e+00
 89.30 0.00000000e+00
 89.40 0.00000000e+00
 89.50 0.00000000e+00
 89.60 0.00000000e+00
 89.70 0.00000000e+00
 89.80 0.00000000e+00
 89.90 0.00000000e+00
 90.00 0.00000000e+00
 90.10 0.00000000e+00
 90.20 0.00000000e+00
 90.30 0.00000000e+00
 90.40 0.00000000e+00
 90.50 0.00000000e+00
 90.60 0.00000000e+00
 90.70 0.00000000e+00
 90.80 0.00000000e+00
 90.90 0.00000000e+00
 91.00 0.00000000e+00
 91.10 0.00000000e+00
 91.20 0.00000000e+00
 91.30 0.00000000e+00
 91.40 0.00000000e+00
 91.50 0.00000000e+00
 91.60 0.00000000e+00
 91.70 0.00000000e+00
 91.80 0.00000000e+00
 91.90 0.00000000e+00
 92.00 0.00000000e+00
 92.10 0.00000000e+00
 92.20 0.00000000e+00
 92.30 0.00000000e+00
 92.40 0.00000000e+00
 92.50 0.00000000e+00
 92.60 0.00000000e+00
 92.70 0.00000000e+00
 92.80 0.00000000e+00
 92.90 0.00000000e+00
 93.00 0.00000000e+00
 93.10 0.00000000e+00
 93.20 0.00000000e+00
 93.30 0.00000000e+00
 93.40 0.00000000e+00
 93.50 0.00000000e+00
 93.60 0.00000000e+00
 93.70 0.00000000e+00
 93.80 0.00000000e+00
 93.90 0.00000000e+00
 94.00 0.00000000e+00
 94.10 0.00000000e+00
 94.20 0.00000000e+00
 94.30 0.00000000e+00
 94.40 0.00000000e+00
 94.50 0.00000000e+00
 94.60 0.00000000e+00
 94.70 0.00000000e+00
 94.80 0.00000000e+00
 94.90 0.00000000e+00
 95.00 0.00000000e+00
 95.10 0.00000000e+00
 95.20 0.00000000e+00
 95.30 0.00000000e+00
 95.40 0.00000000e+00
 95.50 0.00000000e+00
 95.60 0.00000000e+00
 95.70 0.00000000e+00
 95.80 0.00000000e+00
 95.90 0.00000000e+00
 96.00 0.00000000e+00
 96.10 0.00000000e+00
 96.20 0.00000000e+00
 96.30 0.00000000e+00
 96.40 0.00000000e+00
 96.50 0.00000000e+00
 96.60 0.00000000e+00
 96.70 0.00000000e+00
 96.80 1.69185000e-20
 96.90 9.70281000e-20
 97.00 1.16594000e-19
 97.10 1.18605000e-19
 97.20 1.20615000e-19
 97.30 1.25179000e-19
 97.40 1.42224000e-19
 97.50 1.61823000e-19
 97.60 1.81423000e-19
 97.70 2.01027000e-19
 97.80 2.20642000e-19
 97.90 2.40294000e-19
 98.00 2.60047000e-19
 98.10 2.80075000e-19
 98.20 3.00857000e-19
 98.30 3.23449000e-19
 98.40 3.50115000e-19
 98.50 3.85389000e-19
 98.60 4.37286000e-19
 98.70 5.22282000e-19
 98.80 6.64765000e-19
 98.90 9.01635000e-19
 99.00 1.28230000e-18
 99.10 1.86497000e-18
 99.20 2.71073000e-18
 99.30 3.87842000e-18
 99.40 5.35142000e-18
 99.50 7.07093000e-18
 99.60 8.91464000e-18
 99.70 1.06998000e-17
 99.80 1.22104000e-17
 99.90 1.32399000e-17
100.00 1.36397000e-17
100.10 1.33561000e-17
100.20 1.24450000e-17
100.30 1.10568000e-17
100.40 9.39895000e-18
100.50 7.68766000e-18
100.60 6.10494000e-18
100.70 4.77206000e-18
100.80 3.74371000e-18
100.90 3.01917000e-18
101.00 2.56262000e-18
101.10 2.32393000e-18
101.20 2.25390000e-18
101.30 2.31146000e-18
101.40 2.46375000e-18
101.50 2.68211000e-18
101.60 2.94357000e-18
101.70 3.24699000e-18
101.80 3.52744000e-18
101.90 3.74742000e-18
102.00 3.88421000e-18
102.10 3.92870000e-18
102.20 3.88741000e-18
102.30 3.78051000e-18
102.40 3.63673000e-18
102.50 3.48676000e-18
102.60 3.35750000e-18
102.70 3.26862000e-18
102.80 3.23212000e-18
102.90 3.25412000e-18
103.00 3.33763000e-18
103.10 3.48479000e-18
103.20 3.69747000e-18
103.30 3.98153000e-18
103.40 4.36113000e-18
103.50 4.79419000e-18
103.60 5.25135000e-18
103.70 5.69937000e-18
103.80 6.09972000e-18
103.90 6.41587000e-18
104.00 6.62149000e-18
104.10 6.70697000e-18
104.20 6.68183000e-18
104.30 6.57224000e-18
104.40 6.41443000e-18
104.50 6.24628000e-18
104.60 6.09980000e-18
104.70 5.99642000e-18
104.80 5.94578000e-18
104.90 5.94750000e-18
105.00 5.99341000e-18
105.10 6.06761000e-18
105.20 6.16578000e-18
105.30 6.28047000e-18
105.40 6.40521000e-18
105.50 6.53566000e-18
105.60 6.66914000e-18
105.70 6.80411000e-18
105.80 6.93979000e-18
105.90 7.07577000e-18
106.00 7.21188000e-18
106.10 7.34804000e-18
106.20 7.48421000e-18
106.30 7.62040000e-18
106.40 7.75658000e-18
106.50 7.89276000e-18
106.60 8.02895000e-18
106.70 8.16513000e-18
106.80 8.30132000e-18
106.90 8.42714000e-18
107.00 8.49079000e-18
107.10 8.54408000e-18
107.20 8.59737000e-18
107.30 8.65066000e-18
107.40 8.70395000e-18
107.50 8.75725000e-18
107.60 8.81057000e-18
107.70 8.86394000e-18
107.80 8.91742000e-18
107.90 8.97117000e-18
108.00 9.02549000e-18
108.10 9.08097000e-18
108.20 9.13863000e-18
108.30 9.20012000e-18
108.40 9.26792000e-18
108.50 9.34532000e-18
108.60 9.43621000e-18
108.70 9.54442000e-18
108.80 9.65110000e-18
108.90 9.64890000e-18
109.00 9.64163000e-18
109.10 9.64264000e-18
109.20 9.63970000e-18
109.30 9.61836000e-18
109.40 9.56477000e-18
109.50 9.46896000e-18
109.60 9.32727000e-18
109.70 9.15925000e-18
109.80 9.05439000e-18
109.90 8.94702000e-18
110.00 8.83569000e-18
110.10 8.73265000e-18
110.20 8.64605000e-18
110.30 8.57958000e-18
110.40 8.53310000e-18
110.50 8.50394000e-18
110.60 8.48827000e-18
110.70 8.48220000e-18
110.80 8.48243000e-18
110.90 8.48650000e-18
111.00 8.49275000e-18
111.10 8.50015000e-18
111.20 8.50813000e-18
111.30 8.51637000e-18
111.40 8.52473000e-18
111.50 8.53314000e-18
111.60 8.54157000e-18
111.70 8.53709000e-18
111.80 8.45518000e-18
111.90 8.36036000e-18
112.00 8.26554000e-18
112.10 8.17071000e-18
112.20 8.07589000e-18
112.30 7.98107000e-18
112.40 7.88625000e-18
112.50 7.79143000e-18
112.60 7.69661000e-18
112.70 7.60179000e-18
112.80 7.50696000e-18
112.90 7.41214000e-18
113.00 7.31732000e-18
113.10 7.22250000e-18
113.20 7.12768000e-18
113.30 7.03286000e-18
113.40 6.93804000e-18
113.50 6.84321000e-18
113.60 6.74839000e-18
113.70 6.65357000e-18
113.80 6.55922000e-18
113.90 6.46768000e-18
114.00 6.37661000e-18
114.10 6.28554000e-18
114.20 6.19446000e-18
114.30 6.10339000e-18
114.40 6.01232000e-18
114.50 5.92125000e-18
114.60 5.83018000e-18
114.70 5.73911000e-18
114.80 5.64804000e-18
114.90 5.55696000e-18
115.00 5.46589000e-18
115.10 5.37482000e-18
115.20 5.28375000e-18
115.30 5.19268000e-18
115.40 5.10161000e-18
115.50 5.01054000e-18
115.60 4.91946000e-18
115.70 4.82839000e-18
115.80 4.73732000e-18
115.90 4.65041000e-18
116.00 4.58847000e-18
116.10 4.53068000e-18
116.20 4.47290000e-18
116.30 4.41511000e-18
116.40 4.35733000e-18
116.50 4.29956000e-18
116.60 4.24179000e-18
116.70 4.18405000e-18
116.80 4.12638000e-18
116.90 4.06883000e-18
117.00 4.01156000e-18
117.10 3.95480000e-18
117.20 3.89894000e-18
117.30 3.84456000e-18
117.40 3.79243000e-18
117.50 3.74347000e-18
117.60 3.69857000e-18
117.70 3.65835000e-18
117.80 3.62286000e-18
117.90 3.59123000e-18
118.00 3.56154000e-18
118.10 3.53520000e-18
118.20 3.53027000e-18
118.30 3.52207000e-18
118.40 3.50395000e-18
118.50 3.47508000e-18
118.60 3.43630000e-18
118.70 3.38996000e-18
118.80 3.33930000e-18
118.90 3.28772000e-18
119.00 3.23808000e-18
119.10 3.19229000e-18
119.20 3.15123000e-18
119.30 3.11485000e-18
119.40 3.08254000e-18
119.50 3.05339000e-18
119.60 3.02650000e-18
119.70 3.00108000e-18
119.80 2.97657000e-18
119.90 2.95258000e-18
120.00 2.92888000e-18
120.10 2.90539000e-18
120.20 2.88216000e-18
120.30 2.85941000e-18
120.40 2.83774000e-18
120.50 2.81833000e-18
120.60 2.80348000e-18
120.70 2.79724000e-18
120.80 2.80617000e-18
120.90 2.83999000e-18
121.00 2.91175000e-18
121.10 3.03680000e-18
121.20 3.23026000e-18
121.30 3.50268000e-18
121.40 3.85464000e-18
121.50 4.27236000e-18
121.60 4.72740000e-18
121.70 5.16762000e-18
121.80 5.53512000e-18
121.90 5.77526000e-18
122.00 5.84857000e-18
122.10 5.74064000e-18
122.20 5.46589000e-18
122.30 5.06378000e-18
122.40 4.58894000e-18
122.50 4.09851000e-18
122.60 3.64076000e-18
122.70 3.24800000e-18
122.80 2.93635000e-18
122.90 2.71310000e-18
123.00 2.55983000e-18
123.10 2.45985000e-18
123.20 2.39781000e-18
123.30 2.36066000e-18
123.40 2.33869000e-18
123.50 2.32531000e-18
123.60 2.31650000e-18
123.70 2.30995000e-18
123.80 2.30446000e-18
123.90 2.29943000e-18
124.00 2.29495000e-18
124.10 2.29205000e-18
124.20 2.28934000e-18
124.30 2.28663000e-18
124.40 2.28393000e-18
124.50 2.28123000e-18
124.60 2.27853000e-18
124.70 2.27583000e-18
124.80 2.27313000e-18
124.90 2.27043000e-18
125.00 1.69987883e-18
125.10 1.70562917e-18
125.20 1.71129273e-18
125.30 1.71657592e-18
125.40 1.72152843e-18
125.50 1.72606800e-18
125.60 1.73020100e-18
125.70 1.73445369e-18
125.80 1.73792974e-18
125.90 1.74142166e-18
126.00 1.74482312e-18
126.10 1.74771680e-18
126.20 1.75039776e-18
126.30 1.75276383e-18
126.40 1.75468065e-18
126.50 1.75642946e-18
126.60 1.75777339e-18
126.70 1.75878285e-18
126.80 1.75933747e-18
126.90 1.75965240e-18
127.00 1.75972808e-18
127.10 1.75970109e-18
127.20 1.75920913e-18
127.30 1.75838500e-18
127.40 1.75731126e-18
127.50 1.75571383e-18
127.60 1.75399902e-18
127.70 1.75159908e-18
127.80 1.74900437e-18
127.90 1.74640759e-18
128.00 1.74340199e-18
128.10 1.74018962e-18
128.20 1.73662951e-18
128.30 1.73281805e-18
128.40 1.72856027e-18
128.50 1.72413402e-18
128.60 1.71939692e-18
128.70 1.71414374e-18
128.80 1.70876298e-18
128.90 1.70313167e-18
129.00 1.69731125e-18
129.10 1.69128456e-18
129.20 1.68492010e-18
129.30 1.67845408e-18
129.40 1.67171979e-18
129.50 1.66466513e-18
129.60 1.65709670e-18
129.70 1.64945650e-18
129.80 1.64187444e-18
129.90 1.63386008e-18
130.00 1.62578981e-18
130.10 1.61733921e-18
130.20 1.60885936e-18
130.30 1.60032165e-18
130.40 1.59152762e-18
130.50 1.58259549e-18
130.60 1.57327972e-18
130.70 1.56390219e-18
130.80 1.55446292e-18
130.90 1.54488831e-18
131.00 1.53515792e-18
131.10 1.52538785e-18
131.20 1.51544774e-18
131.30 1.50531536e-18
131.40 1.49541206e-18
131.50 1.48505937e-18
131.60 1.47483727e-18
131.70 1.46482494e-18
131.80 1.45443017e-18
131.90 1.44409143e-18
132.00 1.43371708e-18
132.10 1.42328738e-18
132.20 1.41281721e-18
132.30 1.40233445e-18
132.40 1.39179945e-18
132.50 1.38105656e-18
132.60 1.37086762e-18
132.70 1.36071340e-18
132.80 1.35038379e-18
132.90 1.34038041e-18
133.00 1.33021511e-18
133.10 1.32001721e-18
133.20 1.30990920e-18
133.30 1.29990269e-18
133.40 1.28996338e-18
133.50 1.27998623e-18
133.60 1.27011310e-18
133.70 1.26051002e-18
133.80 1.25127493e-18
133.90 1.24225972e-18
134.00 1.23316979e-18
134.10 1.22438134e-18
134.20 1.21557195e-18
134.30 1.20682577e-18
134.40 1.19825003e-18
134.50 1.18981400e-18
134.60 1.18155405e-18
134.70 1.17354178e-18
134.80 1.16557708e-18
134.90 1.15794957e-18
135.00 1.15099335e-18
135.10 1.14410907e-18
135.20 1.13731075e-18
135.30 1.13093960e-18
135.40 1.12459041e-18
135.50 1.11842899e-18
135.60 1.11232584e-18
135.70 1.10659286e-18
135.80 1.10113472e-18
135.90 1.09584716e-18
136.00 1.09077071e-18
136.10 1.08602554e-18
136.20 1.08223416e-18
136.30 1.07850596e-18
136.40 1.07483160e-18
136.50 1.07179650e-18
136.60 1.06873701e-18
136.70 1.06603145e-18
136.80 1.06327743e-18
136.90 1.06095095e-18
137.00 1.05899263e-18
137.10 1.05719531e-18
137.20 1.05572011e-18
137.30 1.05460624e-18
137.40 1.05439044e-18
137.50 1.05466361e-18
137.60 1.05488696e-18
137.70 1.05569068e-18
137.80 1.05652157e-18
137.90 1.05769538e-18
138.00 1.05905333e-18
138.10 1.06055339e-18
138.20 1.06237691e-18
138.30 1.06466819e-18
138.40 1.06705670e-18
138.50 1.06991727e-18
138.60 1.07401990e-18
138.70 1.07842942e-18
138.80 1.08274267e-18
138.90 1.08774670e-18
139.00 1.09260273e-18
139.10 1.09806368e-18
139.20 1.10364680e-18
139.30 1.10945708e-18
139.40 1.11523927e-18
139.50 1.12155672e-18
139.60 1.12821718e-18
139.70 1.13501205e-18
139.80 1.14336313e-18
139.90 1.15171022e-18
140.00 1.16014278e-18
140.10 1.16937914e-18
140.20 1.17859936e-18
140.30 1.18807654e-18
140.40 1.19787556e-18
140.50 1.20781967e-18
140.60 1.21763716e-18
140.70 1.22798508e-18
140.80 1.23849177e-18
140.90 1.24932766e-18
141.00 1.26109963e-18
141.10 1.27333481e-18
141.20 1.28607168e-18
141.30 1.29887410e-18
141.40 1.31228094e-18
141.50 1.32539306e-18
141.60 1.33910734e-18
141.70 1.35283306e-18
141.80 1.36680247e-18
141.90 1.38042788e-18
142.00 1.39454234e-18
142.10 1.40879101e-18
142.20 1.42335919e-18
142.30 1.43936330e-18
142.40 1.45556912e-18
142.50 1.47148532e-18
142.60 1.48837606e-18
142.70 1.50503132e-18
142.80 1.52176802e-18
142.90 1.53882929e-18
143.00 1.55588238e-18
143.10 1.57307900e-18
143.20 1.59020118e-18
143.30 1.60713538e-18
143.40 1.62414843e-18
143.50 1.64192936e-18
143.60 1.66070030e-18
143.70 1.68022321e-18
143.80 1.69914222e-18
143.90 1.71867613e-18
144.00 1.73778842e-18
144.10 1.75720034e-18
144.20 1.77670985e-18
144.30 1.79615752e-18
144.40 1.81566554e-18
144.50 1.83518674e-18
144.60 1.85387484e-18
144.70 1.87303335e-18
144.80 1.89399389e-18
144.90 1.91385374e-18
145.00 1.93476882e-18
145.10 1.95552618e-18
145.20 1.97674682e-18
145.30 1.99735377e-18
145.40 2.01841126e-18
145.50 2.03917298e-18
145.60 2.05989791e-18
145.70 2.08052987e-18
145.80 2.10110208e-18
145.90 2.12051625e-18
146.00 2.14086413e-18
146.10 2.16228001e-18
146.20 2.18350589e-18
146.30 2.20426717e-18
146.40 2.22566498e-18
146.50 2.24716770e-18
146.60 2.26832365e-18
146.70 2.28939870e-18
146.80 2.31024045e-18
146.90 2.33092594e-18
147.00 2.35145805e-18
147.10 2.37176640e-18
147.20 2.39156372e-18
147.30 2.41067254e-18
147.40 2.43144994e-18
147.50 2.45214649e-18
147.60 2.47207315e-18
147.70 2.49261485e-18
147.80 2.51299630e-18
147.90 2.53299936e-18
148.00 2.55290380e-18
148.10 2.57244001e-18
148.20 2.59177916e-18
148.30 2.61078813e-18
148.40 2.62954481e-18
148.50 2.64791992e-18
148.60 2.66506654e-18
148.70 2.68390975e-18
148.80 2.70205580e-18
148.90 2.72011780e-18
149.00 2.73799555e-18
149.10 2.75627149e-18
149.20 2.77376146e-18
149.30 2.79113030e-18
149.40 2.80811359e-18
149.50 2.82472279e-18
149.60 2.84096213e-18
149.70 2.85680058e-18
149.80 2.87220071e-18
149.90 2.88712863e-18
150.00 2.90174789e-18
150.10 2.91697371e-18
150.20 2.93121277e-18
150.30 2.94556451e-18
150.40 2.95976104e-18
150.50 2.97374530e-18
150.60 2.98728519e-18
150.70 3.00043934e-18
150.80 3.01317207e-18
150.90 3.02543300e-18
151.00 3.03721541e-18
151.10 3.04850037e-18
151.20 3.05925317e-18
151.30 3.07057062e-18
151.40 3.07966890e-18
151.50 3.09016901e-18
151.60 3.09956026e-18
151.70 3.10923678e-18
151.80 3.11784860e-18
151.90 3.12686393e-18
152.00 3.13514521e-18
152.10 3.14285699e-18
152.20 3.15026712e-18
152.30 3.15708578e-18
152.40 3.16335323e-18
152.50 3.16905754e-18
152.60 3.17482834e-18
152.70 3.17994159e-18
152.80 3.18393366e-18
152.90 3.18825104e-18
153.00 3.19207498e-18
153.10 3.19559651e-18
153.20 3.19841108e-18
153.30 3.20147227e-18
153.40 3.20370906e-18
153.50 3.20546017e-18
153.60 3.20676423e-18
153.70 3.20751324e-18
153.80 3.20768822e-18
153.90 3.20743665e-18
154.00 3.20719712e-18
154.10 3.20632653e-18
154.20 3.20375528e-18
154.30 3.20202752e-18
154.40 3.19963250e-18
154.50 3.19687490e-18
154.60 3.19343624e-18
154.70 3.19026751e-18
154.80 3.18633599e-18
154.90 3.18189021e-18
155.00 3.17699365e-18
155.10 3.17151637e-18
155.20 3.16555330e-18
155.30 3.15958323e-18
155.40 3.15272259e-18
155.50 3.14586911e-18
155.60 3.13715236e-18
155.70 3.12939459e-18
155.80 3.12081479e-18
155.90 3.11222959e-18
156.00 3.10293969e-18
156.10 3.09356735e-18
156.20 3.08372175e-18
156.30 3.07341993e-18
156.40 3.06273227e-18
156.50 3.05156099e-18
156.60 3.03989607e-18
156.70 3.02828427e-18
156.80 3.01594755e-18
156.90 3.00344834e-18
157.00 2.99024240e-18
157.10 2.97634200e-18
157.20 2.96235973e-18
157.30 2.94845835e-18
157.40 2.93413195e-18
157.50 2.91922163e-18
157.60 2.90449576e-18
157.70 2.88918370e-18
157.80 2.87352530e-18
157.90 2.85759977e-18
158.00 2.84129279e-18
158.10 2.82493707e-18
158.20 2.80814996e-18
158.30 2.79102935e-18
158.40 2.77363838e-18
158.50 2.75527332e-18
158.60 2.73740093e-18
158.70 2.71898800e-18
158.80 2.70074474e-18
158.90 2.68196430e-18
159.00 2.66324221e-18
159.10 2.64429404e-18
159.20 2.62498545e-18
159.30 2.60552272e-18
159.40 2.58584914e-18
159.50 2.56612632e-18
159.60 2.54613104e-18
159.70 2.52590217e-18
159.80 2.50551389e-18
159.90 2.48485655e-18
160.00 2.46365135e-18
160.10 2.44253199e-18
160.20 2.42164697e-18
160.30 2.40057611e-18
160.40 2.37912719e-18
160.50 2.35800558e-18
160.60 2.33661524e-18
160.70 2.31504981e-18
160.80 2.29343646e-18
160.90 2.27184143e-18
161.00 2.25008903e-18
161.10 2.22822119e-18
161.20 2.20628429e-18
161.30 2.18433600e-18
161.40 2.16161409e-18
161.50 2.13972726e-18
161.60 2.11742170e-18
161.70 2.09534864e-18
161.80 2.07318833e-18
161.90 2.05086932e-18
162.00 2.02886249e-18
162.10 2.00672037e-18
162.20 1.98455050e-18
162.30 1.96249961e-18
162.40 1.94036902e-18
162.50 1.91830265e-18
162.60 1.89621039e-18
162.70 1.87418618e-18
162.80 1.85217438e-18
162.90 1.82970488e-18
163.00 1.80783577e-18
163.10 1.78582744e-18
163.20 1.76421242e-18
163.30 1.74250121e-18
163.40 1.72073939e-18
163.50 1.69931089e-18
163.60 1.67786161e-18
163.70 1.65654701e-18
163.80 1.63528256e-18
163.90 1.61413726e-18
164.00 1.59304734e-18
164.10 1.57205388e-18
164.20 1.55120793e-18
164.30 1.53043044e-18
164.40 1.50940057e-18
164.50 1.48899655e-18
164.60 1.46838606e-18
164.70 1.44825847e-18
164.80 1.42812430e-18
164.90 1.40803004e-18
165.00 1.38827639e-18
165.10 1.36861974e-18
165.20 1.34906653e-18
165.30 1.32968629e-18
165.40 1.31043342e-18
165.50 1.29131836e-18
165.60 1.27236516e-18
165.70 1.25355604e-18
165.80 1.23489823e-18
165.90 1.21610029e-18
166.00 1.19786929e-18
166.10 1.17961036e-18
166.20 1.16165132e-18
166.30 1.14383552e-18
166.40 1.12612714e-18
166.50 1.10869640e-18
166.60 1.09144236e-18
166.70 1.07429596e-18
166.80 1.05737199e-18
166.90 1.04060077e-18
167.00 1.02398071e-18
167.10 1.00755913e-18
167.20 9.91292131e-19
167.30 9.75205632e-19
167.40 9.59253325e-19
167.50 9.43392670e-19
167.60 9.27866070e-19
167.70 9.12437232e-19
167.80 8.97274734e-19
167.90 8.82248749e-19
168.00 8.67420709e-19
168.10 8.52837395e-19
168.20 8.38367360e-19
168.30 8.24098324e-19
168.40 8.09995577e-19
168.50 7.96069005e-19
168.60 7.82316350e-19
168.70 7.68735133e-19
168.80 7.55334351e-19
168.90 7.42107368e-19
169.00 7.28913813e-19
169.10 7.16085663e-19
169.20 7.03304613e-19
169.30 6.90831595e-19
169.40 6.78482711e-19
169.50 6.66262583e-19
169.60 6.54305921e-19
169.70 6.42485084e-19
169.80 6.30824325e-19
169.90 6.19318852e-19
170.00 6.07994657e-19
170.10 5.96820468e-19
170.20 5.85813904e-19
170.30 5.74968651e-19
170.40 5.64285949e-19
170.50 5.53740384e-19
170.60 5.43312692e-19
170.70 5.33119302e-19
170.80 5.23041972e-19
170.90 5.13170498e-19
171.00 5.03447631e-19
171.10 4.93835860e-19
171.20 4.84430976e-19
171.30 4.75158040e-19
171.40 4.66015783e-19
171.50 4.57033354e-19
171.60 4.48193488e-19
171.70 4.39487746e-19
171.80 4.30929271e-19
171.90 4.22509413e-19
172.00 4.14229858e-19
172.10 4.06035762e-19
172.20 3.98028472e-19
172.30 3.90164457e-19
172.40 3.82407792e-19
172.50 3.74811646e-19
172.60 3.67346664e-19
172.70 3.59980934e-19
172.80 3.52777303e-19
172.90 3.45683563e-19
173.00 3.38708011e-19
173.10 3.31860983e-19
173.20 3.25131476e-19
173.30 3.18515946e-19
173.40 3.12020870e-19
173.50 3.05640893e-19
173.60 2.99374583e-19
173.70 2.93190360e-19
173.80 2.87148287e-19
173.90 2.81221406e-19
174.00 2.75386032e-19
174.10 2.69675905e-19
174.20 2.64070618e-19
174.30 2.58551044e-19
174.40 2.53154170e-19
174.50 2.47850818e-19
174.60 2.42644147e-19
174.70 2.37530816e-19
174.80 2.32517368e-19
174.90 2.27595408e-19
175.00 2.22768767e-19
175.10 2.18033395e-19
175.20 2.13389128e-19
175.30 2.08812175e-19
175.40 2.04343971e-19
175.50 1.99965559e-19
175.60 1.95662147e-19
175.70 1.91454330e-19
175.80 1.87325893e-19
175.90 1.83266771e-19
176.00 1.79303085e-19
176.10 1.75410874e-19
176.20 1.71594264e-19
176.30 1.67852318e-19
176.40 1.64184425e-19
176.50 1.60589738e-19
176.60 1.57067008e-19
176.70 1.53615461e-19
176.80 1.50233341e-19
176.90 1.46915544e-19
177.00 1.43658072e-19
177.10 1.40479537e-19
177.20 1.37358018e-19
177.30 1.34311849e-19
177.40 1.31321930e-19
177.50 1.28390583e-19
177.60 1.25522701e-19
177.70 1.22715519e-19
177.80 1.19961928e-19
177.90 1.17266468e-19
178.00 1.14627395e-19
178.10 1.12043356e-19
178.20 1.09512320e-19
178.30 1.07035402e-19
178.40 1.04610487e-19
178.50 1.02236779e-19
178.60 9.99029056e-20
178.70 9.76326423e-20
178.80 9.54031334e-20
178.90 9.32263892e-20
179.00 9.10949630e-20
179.10 8.90091793e-20
179.20 8.69631825e-20
179.30 8.49668996e-20
179.40 8.30117472e-20
179.50 8.10965257e-20
179.60 7.92234454e-20
179.70 7.73909205e-20
179.80 7.55982894e-20
179.90 7.38448578e-20
180.00 7.21299279e-20
180.10 7.04525060e-20
180.20 6.88105043e-20
180.30 6.72022444e-20
180.40 6.56347818e-20
180.50 6.40966430e-20
180.60 6.25977592e-20
180.70 6.11302966e-20
180.80 5.96928227e-20
180.90 5.82891108e-20
181.00 5.69172819e-20
181.10 5.55746432e-20
181.20 5.42618149e-20
181.30 5.29780061e-20
181.40 5.17236408e-20
181.50 5.04972592e-20
181.60 4.92986358e-20
181.70 4.81272461e-20
181.80 4.69823993e-20
181.90 4.58606600e-20
182.00 4.47670617e-20
182.10 4.36985067e-20
182.20 4.26526710e-20
182.30 4.16328064e-20
182.40 4.06352084e-20
182.50 3.96589264e-20
182.60 3.87059291e-20
182.70 3.77750508e-20
182.80 3.68650156e-20
182.90 3.59757207e-20
183.00 3.51067308e-20
183.10 3.42582208e-20
183.20 3.34292446e-20
183.30 3.26195745e-20
183.40 3.18288704e-20
183.50 3.10564925e-20
183.60 3.03005479e-20
183.70 2.95637113e-20
183.80 2.88440783e-20
183.90 2.81403671e-20
184.00 2.74542779e-20
184.10 2.67836548e-20
184.20 2.61278448e-20
184.30 2.54880035e-20
184.40 2.48634147e-20
184.50 2.42530907e-20
184.60 2.36571366e-20
184.70 2.30752790e-20
184.80 2.25072416e-20
184.90 2.19527279e-20
185.00 2.14114725e-20
185.10 2.08831381e-20
185.20 2.03673677e-20
185.30 1.98630066e-20
185.40 1.93715064e-20
185.50 1.88916896e-20
185.60 1.84228340e-20
185.70 1.79658415e-20
185.80 1.75194161e-20
185.90 1.70835801e-20
186.00 1.66576992e-20
186.10 1.62425907e-20
186.20 1.58373136e-20
186.30 1.54415949e-20
186.40 1.50555459e-20
186.50 1.46788856e-20
186.60 1.43114056e-20
186.70 1.39528025e-20
186.80 1.36029945e-20
186.90 1.32616918e-20
187.00 1.29285036e-20
187.10 1.26031533e-20
187.20 1.22862234e-20
187.30 1.19765784e-20
187.40 1.16747088e-20
187.50 1.13800925e-20
187.60 1.10926340e-20
187.70 1.08118908e-20
187.80 1.05383567e-20
187.90 1.02714370e-20
188.00 1.00109741e-20
188.10 9.75698800e-21
188.20 9.50921850e-21
188.30 9.26765262e-21
188.40 9.03204705e-21
188.50 8.80229087e-21
188.60 8.57823047e-21
188.70 8.35969270e-21
188.80 8.14623331e-21
188.90 7.93845193e-21
189.00 7.73569404e-21
189.10 7.53779572e-21
189.20 7.34496709e-21
189.30 7.15681958e-21
189.40 6.97319954e-21
189.50 6.79424420e-21
189.60 6.61979262e-21
189.70 6.44966395e-21
189.80 6.28374224e-21
189.90 6.12202285e-21
190.00 5.96438217e-21
190.10 5.81071902e-21
190.20 5.66091862e-21
190.30 5.51489063e-21
190.40 5.37253562e-21
190.50 5.23370562e-21
190.60 5.09828526e-21
190.70 4.96639617e-21
190.80 4.83769507e-21
190.90 4.71229417e-21
191.00 4.59001859e-21
191.10 4.47082266e-21
191.20 4.35455933e-21
191.30 4.24129826e-21
191.40 4.13091714e-21
191.50 4.02331542e-21
191.60 3.91845926e-21
191.70 3.81628341e-21
191.80 3.71672682e-21
191.90 3.61971820e-21
192.00 3.52517920e-21
192.10 3.43306169e-21
192.20 3.34328447e-21
192.30 3.25569327e-21
192.40 3.17044503e-21
192.50 3.08732959e-21
192.60 3.00628510e-21
192.70 2.92735943e-21
192.80 2.85041213e-21
192.90 2.77542719e-21
193.00 2.70232289e-21
193.10 2.63114517e-21
193.20 2.56178907e-21
193.30 2.49421312e-21
193.40 2.42838128e-21
193.50 2.36425268e-21
193.60 2.30178416e-21
193.70 2.24093010e-21
193.80 2.18164018e-21
193.90 2.12388028e-21
194.00 2.06760014e-21
194.10 2.01271692e-21
194.20 1.95929526e-21
194.30 1.90722685e-21
194.40 1.85647466e-21
194.50 1.80705529e-21
194.60 1.90487346e-21
194.70 1.71214652e-21
194.80 1.66630524e-21
194.90 1.62255912e-21
195.00 1.57848524e-21
195.10 1.53637808e-21
195.20 1.49533496e-21
195.30 1.55249141e-21
195.40 1.41626242e-21
195.50 1.37809785e-21
195.60 1.34116166e-21
195.70 1.34854671e-21
195.80 1.28509467e-21
195.90 1.49424922e-21
196.00 1.53927211e-21
196.10 1.19171312e-21
196.20 1.39530606e-21
196.30 1.36208671e-21
196.40 1.07888136e-21
196.50 1.35266845e-21
196.60 1.33333481e-21
196.70 1.42158637e-21
196.80 9.66919622e-22
196.90 9.40420521e-22
197.00 1.03611804e-21
197.10 8.90506281e-22
197.20 8.66035575e-22
197.30 8.61694789e-22
197.40 8.20375840e-22
197.50 7.97511951e-22
197.60 7.75515810e-22
197.70 7.54525997e-22
197.80 7.33891347e-22
197.90 7.13884580e-22
198.00 6.94408956e-22
198.10 6.79149195e-22
198.20 6.57030283e-22
198.30 6.39090881e-22
198.40 6.21603047e-22
198.50 6.04604435e-22
198.60 5.88064727e-22
198.70 5.71959282e-22
198.80 5.56731509e-22
198.90 5.97552297e-22
199.00 5.27255393e-22
199.10 8.53690586e-22
199.20 5.10554900e-22
199.30 5.70039010e-22
199.40 4.82096117e-22
199.50 4.60370111e-22
199.60 9.79265057e-22
199.70 1.64626952e-21
199.80 1.00370873e-21
199.90 7.52398905e-22
200.00 4.05602902e-22
200.10 9.05881898e-22
200.20 4.40303730e-22
200.30 3.73908306e-22
200.40 3.56840098e-22
200.50 3.47458255e-22
200.60 3.40555060e-22
200.70 3.29405331e-22
200.80 3.74098433e-22
200.90 3.09230702e-22
201.00 3.37551880e-22
201.10 3.29662554e-22
201.20 2.84087380e-22
201.30 2.76416921e-22
201.40 2.68451721e-22
201.50 2.60924577e-22
201.60 2.56020593e-22
201.70 2.46560514e-22
201.80 2.39809386e-22
201.90 2.32958444e-22
202.00 2.26430544e-22
202.10 2.20086258e-22
202.20 2.13919678e-22
202.30 2.07991839e-22
202.40 2.02088554e-22
202.50 1.96773311e-22
202.60 1.90899110e-22
202.70 1.85661059e-22
202.80 1.80406771e-22
202.90 1.75241812e-22
203.00 1.70426980e-22
203.10 1.65506564e-22
203.20 1.60833223e-22
203.30 1.56291871e-22
203.40 1.51874536e-22
203.50 1.47578571e-22
203.60 1.43401715e-22
203.70 1.39340639e-22
203.80 1.35392313e-22
203.90 1.31818853e-22
204.00 3.62283202e-22
204.10 1.24437019e-22
204.20 1.32329479e-22
204.30 1.53594771e-22
204.40 8.23651528e-21
204.50 5.01308072e-21
204.60 2.14780645e-22
204.70 1.89896846e-22
204.80 1.56063905e-22
204.90 1.09826591e-22
205.00 1.99296247e-21
205.10 2.33236339e-21
205.20 1.73164961e-22
205.30 8.86865779e-23
205.40 9.32827043e-23
205.50 3.08390819e-22
205.60 9.39434667e-23
205.70 7.88913929e-23
205.80 8.37990532e-23
205.90 7.42093827e-23
206.00 7.22090580e-23
206.10 1.27058584e-22
206.20 2.58324109e-22
206.30 6.59295169e-23
206.40 6.37575061e-23
206.50 6.26000389e-23
206.60 6.01016430e-23
206.70 1.02126755e-22
206.80 5.66747749e-23
206.90 5.50122053e-23
207.00 5.64509482e-23
207.10 5.20248031e-23
207.20 5.03712918e-23
207.30 4.89410160e-23
207.40 4.74840045e-23
207.50 4.61043589e-23
207.60 4.47641169e-23
207.70 4.34639924e-23
207.80 4.26556025e-23
207.90 4.09701365e-23
208.00 3.97755195e-23
208.10 3.86151214e-23
208.20 3.74883431e-23
208.30 3.63935496e-23
208.40 3.53300305e-23
208.50 3.43434023e-23
208.60 3.32929195e-23
208.70 3.23720940e-23
208.80 3.13687964e-23
208.90 3.04481954e-23
209.00 2.95539844e-23
209.10 2.86854325e-23
209.20 2.78419548e-23
209.30 2.70308061e-23
209.40 2.62317097e-23
209.50 2.54573959e-23
209.60 2.47047582e-23
209.70 2.39762956e-23
209.80 2.32688585e-23
209.90 2.25818000e-23
210.00 2.19145074e-23
210.10 2.12664134e-23
210.20 2.06369487e-23
210.30 2.00255892e-23
210.40 1.94318287e-23
210.50 1.88551854e-23
210.60 1.82951999e-23
210.70 1.77514041e-23
210.80 1.80858448e-23
210.90 1.84664606e-21
211.00 1.93390529e-23
211.10 3.46259874e-23
211.20 1.20805286e-20
211.30 2.71987773e-22
211.40 5.90453304e-20
211.50 1.45253768e-20
211.60 1.01312350e-20
211.70 4.55464233e-23
211.80 1.78533040e-20
211.90 4.87749889e-21
212.00 9.86349007e-23
212.10 1.43034138e-20
212.20 6.44910433e-22
212.30 2.07703423e-23
212.40 1.70667062e-22
212.50 5.41888334e-21
212.60 1.18795989e-23
212.70 3.66531708e-22
212.80 2.19032513e-23
212.90 2.33690300e-23
213.00 9.32941486e-24
213.10 1.12005464e-23
213.20 1.01847919e-23
213.30 2.92684630e-22
213.40 8.53324802e-24
213.50 8.20267835e-24
213.60 7.72656363e-24
213.70 8.60615239e-23
213.80 7.02717612e-24
213.90 6.70576511e-24
214.00 2.76748411e-23
214.10 1.86085956e-23
214.20 1.31249667e-23
214.30 5.91969638e-24
214.40 5.72679326e-24
214.50 5.55150495e-24
214.60 5.39518365e-24
214.70 5.22513043e-24
214.80 5.06181332e-24
214.90 4.90706611e-24
215.00 4.75207128e-24
215.10 4.60672854e-24
215.20 4.46510047e-24
215.30 4.48329638e-24
215.40 4.47961838e-24
215.50 4.06656001e-24
215.60 3.94209610e-24
215.70 3.81938105e-24
215.80 3.70160900e-24
215.90 3.58738170e-24
216.00 3.47661180e-24
216.10 3.37023383e-24
216.20 3.26500009e-24
216.30 3.18476302e-24
216.40 3.06587555e-24
216.50 2.97070955e-24
216.60 2.87855873e-24
216.70 2.78930430e-24
216.80 2.70258108e-24
216.90 2.61858987e-24
217.00 2.53714803e-24
217.10 2.45818388e-24
217.20 2.38161454e-24
217.30 2.30736647e-24
217.40 2.23537370e-24
217.50 2.16556570e-24
217.60 2.09787794e-24
217.70 2.03224876e-24
217.80 1.96861992e-24
217.90 1.90693464e-24
218.00 1.84713784e-24
218.10 1.78917698e-24
218.20 1.73299950e-24
218.30 1.67855334e-24
218.40 1.62579009e-24
218.50 1.57465833e-24
218.60 1.52510864e-24
218.70 1.47709232e-24
218.80 1.43056260e-24
218.90 1.38547221e-24
219.00 1.34177636e-24
219.10 1.29943117e-24
219.20 1.25839454e-24
219.30 1.21862683e-24
219.40 1.18008881e-24
219.50 1.30907854e-24
219.60 3.47644941e-21
219.70 2.10452236e-22
219.80 3.96251155e-24
219.90 1.02184736e-24
220.00 6.40022294e-23
220.10 1.19614363e-21
220.20 9.66930520e-20
220.30 2.21746087e-20
220.40 4.28353409e-22
220.50 1.83901286e-21
220.60 7.03934086e-22
220.70 1.30945682e-19
220.80 6.34234565e-20
220.90 2.27221349e-22
221.00 1.19196856e-20
221.10 5.09033242e-20
221.20 1.40272488e-22
221.30 4.76618013e-22
221.40 7.44223770e-23
221.50 6.92946126e-22
221.60 1.71760719e-22
221.70 3.57569007e-21
221.80 6.35998909e-21
221.90 5.72661893e-21
222.00 2.30444995e-23
222.10 2.73028413e-23
222.20 1.53037824e-21
222.30 1.57429893e-23
222.40 5.39362534e-22
222.50 4.53868435e-25
222.60 1.93226885e-22
222.70 3.61419989e-23
222.80 7.26561212e-24
222.90 9.40047045e-25
223.00 5.77717741e-25
223.10 1.16037190e-24
223.20 7.82563415e-25
223.30 5.84053804e-25
223.40 3.17538152e-25
223.50 3.34120795e-25
223.60 1.06948907e-23
223.70 3.16927010e-25
223.80 3.25772734e-25
223.90 3.22630493e-25
224.00 2.60850561e-25
224.10 2.50759532e-25
224.20 7.89126894e-25
224.30 1.19928825e-24
224.40 7.19798374e-25
224.50 2.21358081e-25
224.60 3.54802276e-25
224.70 2.05060833e-25
224.80 1.98134626e-25
224.90 1.91843007e-25
225.00 1.85275636e-25
225.10 1.79507515e-25
225.20 1.73417925e-25
225.30 1.67582506e-25
225.40 1.74308943e-25
225.50 1.56515315e-25
225.60 1.51312276e-25
225.70 1.46307491e-25
225.80 1.41420638e-25
225.90 1.38890216e-25
226.00 1.32191771e-25
226.10 1.27748004e-25
226.20 1.23487746e-25
226.30 1.19363682e-25
226.40 1.15373645e-25
226.50 1.11514966e-25
226.60 1.07785015e-25
226.70 1.04171361e-25
226.80 1.00678277e-25
226.90 9.72985750e-26
227.00 9.40299131e-26
227.10 9.08682644e-26
227.20 8.78102425e-26
227.30 8.48523326e-26
227.40 8.19917017e-26
227.50 7.92252534e-26
227.60 7.65497104e-26
227.70 7.39663795e-26
227.80 7.14605700e-26
227.90 6.90413110e-26
228.00 6.67020021e-26
228.10 6.44400539e-26
228.20 6.22529344e-26
228.30 6.01382070e-26
228.40 5.80935125e-26
228.50 5.61165693e-26
228.60 5.42051719e-26
228.70 5.23571965e-26
228.80 5.05705972e-26
228.90 4.88433574e-26
229.00 4.71736045e-26
229.10 4.55594779e-26
229.20 4.39991847e-26
229.30 4.24909902e-26
229.40 4.10332119e-26
229.50 3.96242176e-26
229.60 3.82624207e-26
229.70 3.69462822e-26
229.80 3.56743073e-26
229.90 3.44450438e-26
230.00 3.32570890e-26
230.10 3.21090788e-26
230.20 3.09996950e-26
230.30 7.91685536e-24
230.40 1.30364163e-20
230.50 1.00800358e-21
230.60 1.55265900e-21
230.70 1.57534754e-23
230.80 2.68037236e-26
230.90 2.42653663e-26
231.00 1.00004665e-20
231.10 1.10187104e-19
231.20 2.34524393e-20
231.30 5.53033288e-21
231.40 3.47919630e-21
231.50 2.90805945e-19
231.60 2.81531213e-20
231.70 3.33946542e-19
231.80 5.54152620e-21
231.90 1.93290378e-21
232.00 2.78424230e-19
232.10 1.74226758e-19
232.20 1.42917565e-21
232.30 6.72935872e-22
232.40 2.22534163e-21
232.50 9.15541331e-20
232.60 9.02183859e-20
232.70 1.35109523e-22
232.80 3.78429600e-23
232.90 2.53524866e-21
233.00 4.58184215e-22
233.10 1.18257434e-24
233.20 1.50749630e-23
233.30 7.95601496e-21
233.40 8.78282399e-21
233.50 3.99198026e-24
233.60 3.23765251e-23
233.70 1.21116230e-23
233.80 4.00240080e-24
233.90 1.35603161e-22
234.00 5.93816023e-24
234.10 8.02874028e-25
234.20 1.12730812e-24
234.30 7.07438182e-25
234.40 1.96576229e-25
234.50 8.10905369e-23
234.60 7.94432417e-25
234.70 4.74700194e-23
234.80 2.18237696e-25
234.90 3.27611799e-26
235.00 5.51566413e-27
235.10 1.02953391e-25
235.20 2.27115332e-25
235.30 1.12466334e-25
235.40 8.26156015e-25
235.50 1.50027903e-26
235.60 4.74291458e-27
235.70 4.25345671e-27
235.80 8.57523371e-26
235.90 1.58471591e-26
236.00 1.46206116e-24
236.10 4.31116433e-27
236.20 4.01849081e-27
236.30 3.40157579e-27
236.40 3.27686686e-27
236.50 3.15671184e-27
236.60 4.09428358e-27
236.70 3.46218114e-26
236.80 2.89073090e-27
236.90 2.43322559e-26
237.00 2.62459413e-27
237.10 2.52021757e-27
237.20 2.42706586e-27
237.30 2.33726643e-27
237.40 2.29241306e-27
237.50 4.28302191e-27
237.60 2.10270060e-27
237.70 2.56198824e-27
237.80 1.93507484e-27
237.90 1.86253014e-27
238.00 1.79311462e-27
238.10 1.72621608e-27
238.20 1.66174589e-27
238.30 1.59987575e-27
238.40 2.03585807e-27
238.50 1.48257889e-27
238.60 1.44820834e-27
238.70 1.37294406e-27
238.80 1.32136626e-27
238.90 1.27167223e-27
239.00 1.22373243e-27
239.10 1.17804385e-27
239.20 1.13316512e-27
239.30 1.13331087e-27
239.40 1.04916496e-27
239.50 1.00942195e-27
239.60 9.71126717e-28
239.70 9.34229394e-28
239.80 9.01913362e-28
239.90 8.71129046e-28
240.00 8.36016114e-28
240.10 7.99943534e-28
240.20 7.69419168e-28
240.30 7.40028992e-28
240.40 7.11730446e-28
240.50 6.84484102e-28
240.60 6.58251902e-28
240.70 6.32997199e-28
240.80 6.08684566e-28
240.90 5.85279821e-28
241.00 5.62750000e-28
241.10 5.41063296e-28
241.20 5.20189043e-28
241.30 5.00097648e-28
241.40 4.80760556e-28
241.50 4.62150226e-28
241.60 4.44240168e-28
241.70 4.27004732e-28
241.80 4.10419225e-28
241.90 3.94459812e-28
242.00 3.79103569e-28
242.10 3.64328335e-28
242.20 3.50112737e-28
242.30 3.36436189e-28
242.40 3.23278828e-28
242.50 3.10621502e-28
242.60 2.98445736e-28
242.70 2.86733758e-28
242.80 2.75468383e-28
242.90 2.64633064e-28
243.00 2.54211847e-28
243.10 2.44189355e-28
243.20 2.34550774e-28
243.30 2.25281810e-28
243.40 2.03061535e-23
243.50 3.06396215e-20
243.60 3.00823313e-20
243.70 3.21144372e-22
243.80 3.69105707e-20
243.90 4.00275723e-22
244.00 3.57771185e-22
244.10 3.40892013e-23
244.20 2.38661046e-27
244.30 1.50927895e-28
244.40 4.57445588e-21
244.50 2.80188082e-18
244.60 9.64403572e-21
244.70 5.12483716e-21
244.80 1.79953485e-18
244.90 3.07293679e-20
245.00 7.59977523e-18
245.10 1.97744692e-18
245.20 5.43759364e-20
245.30 1.00181794e-18
245.40 4.35608865e-19
245.50 8.54169747e-21
245.60 2.49595922e-18
245.70 3.99246111e-18
245.80 6.46781628e-19
245.90 3.85534314e-19
246.00 4.02271779e-19
246.10 4.17584424e-19
246.20 4.92107512e-21
246.30 1.47992176e-19
246.40 1.92688292e-21
246.50 1.50254144e-21
246.60 1.37155068e-21
246.70 3.42871797e-21
246.80 3.61123822e-20
246.90 1.61582226e-22
247.00 4.20432223e-22
247.10 2.63355651e-22
247.20 2.24303495e-23
247.30 1.22361675e-22
247.40 4.69856014e-21
247.50 6.70229764e-21
247.60 3.20627998e-23
247.70 7.38416929e-24
247.80 7.52249906e-22
247.90 1.45336456e-21
248.00 7.71550106e-22
248.10 6.07240270e-25
248.20 1.81191025e-24
248.30 3.46305185e-24
248.40 3.44779240e-24
248.50 6.81059388e-25
248.60 1.37432444e-24
248.70 1.58508606e-26
248.80 5.41607476e-23
248.90 1.82882154e-25
249.00 4.98348007e-23
249.10 5.46904105e-25
249.20 1.08523239e-23
249.30 2.22778346e-29
249.40 8.61822224e-28
249.50 4.24788141e-26
249.60 2.18316159e-26
249.70 5.15471820e-24
249.80 3.42974539e-26
249.90 1.52630859e-29
250.00 1.35104202e-29
250.10 3.76153595e-29
250.20 1.21365920e-27
250.30 1.30145935e-28
250.40 4.58497059e-25
250.50 2.25719002e-26
250.60 4.54290545e-25
250.70 9.83262142e-30
250.80 9.40075904e-30
250.90 1.04070716e-29
251.00 9.94459895e-28
251.10 9.43273062e-29
251.20 3.13371147e-28
251.30 3.03690769e-26
251.40 5.68547804e-29
251.50 6.86547766e-30
251.60 6.56206440e-30
251.70 6.33577321e-30
251.80 7.55234774e-28
251.90 1.10234719e-29
252.00 7.24576142e-30
252.10 6.98498089e-29
252.20 1.87135923e-29
252.30 4.63975559e-28
252.40 1.11295666e-28
252.50 5.11823008e-30
252.60 3.09039009e-29
252.70 4.08754857e-30
252.80 4.55139781e-30
252.90 3.81608496e-30
253.00 6.86517413e-30
253.10 1.21026135e-28
253.20 8.53924574e-29
253.30 4.20299018e-30
253.40 2.90215601e-30
253.50 9.39549740e-30
253.60 1.57737614e-29
253.70 2.48982516e-30
253.80 2.37187488e-30
253.90 2.26938116e-30
254.00 2.16347643e-30
254.10 2.05758207e-30
254.20 1.99443609e-30
254.30 1.86760163e-30
254.40 1.77769313e-30
254.50 1.69337166e-30
254.60 1.61274909e-30
254.70 1.53566720e-30
254.80 1.46197445e-30
254.90 1.39152519e-30
255.00 1.32418009e-30
255.10 1.25980552e-30
255.20 1.19827338e-30
255.30 1.13946122e-30
255.40 1.08325133e-30
255.50 1.02953111e-30
255.60 9.78192848e-31
255.70 9.29133268e-31
255.80 8.82253580e-31
255.90 8.37459295e-31
256.00 7.94660208e-31
256.10 7.53769946e-31
256.20 7.14706053e-31
256.30 6.77389837e-31
256.40 6.41746209e-31
256.50 6.07703488e-31
256.60 5.75193720e-31
256.70 5.44151766e-31
256.80 5.14515768e-31
256.90 4.86226878e-31
257.00 4.59229048e-31
257.10 4.33469098e-31
257.20 4.08896334e-31
257.30 3.85462539e-31
257.40 3.63121912e-31
257.50 3.41830839e-31
257.60 3.21547765e-31
257.70 3.02233086e-31
257.80 2.83849160e-31
257.90 2.66359919e-31
258.00 2.49730911e-31
258.10 2.33929176e-31
258.20 2.18923105e-31
258.30 2.04682303e-31
258.40 1.91177676e-31
258.50 1.78381032e-31
258.60 1.66265190e-31
258.70 1.54803868e-31
258.80 1.43971588e-31
258.90 1.33743678e-31
259.00 1.24096094e-31
259.10 1.15005431e-31
259.20 1.06448892e-31
259.30 5.00145781e-24
259.40 2.56962220e-20
259.50 1.30557341e-20
259.60 8.28836703e-22
259.70 3.75244008e-20
259.80 1.45678299e-19
259.90 1.18461679e-19
260.00 1.05512461e-21
260.10 2.65631780e-21
260.20 2.89832411e-22
260.30 2.01502256e-22
260.40 1.45694029e-20
260.50 1.01750960e-22
260.60 3.11717104e-32
260.70 2.82274639e-32
260.80 6.91444836e-21
260.90 2.90845806e-19
261.00 1.41691480e-17
261.10 8.78915862e-20
261.20 9.64725498e-20
261.30 2.74126272e-20
261.40 5.27564790e-19
261.50 4.37212869e-19
261.60 1.18740442e-17
261.70 1.09192901e-17
261.80 4.96140978e-20
261.90 7.36177233e-19
262.00 3.91005318e-18
262.10 4.69107174e-20
262.20 1.16163595e-19
262.30 7.57247574e-18
262.40 5.26506573e-19
262.50 4.61463099e-18
262.60 2.10106915e-20
262.70 3.24961611e-18
262.80 1.79761075e-18
262.90 1.65918157e-18
263.00 8.29843050e-19
263.10 3.21303735e-21
263.20 9.42596304e-19
263.30 2.15522516e-20
263.40 1.10135937e-18
263.50 2.12142729e-21
263.60 2.12058388e-21
263.70 1.09543484e-20
263.80 1.66294805e-21
263.90 5.42022432e-22
264.00 4.48501095e-22
264.10 8.18255589e-22
264.20 6.28885803e-22
264.30 3.07457439e-20
264.40 1.93487205e-20
264.50 2.40699530e-23
264.60 1.62056693e-22
264.70 3.07359015e-22
264.80 1.76884524e-23
264.90 1.89071008e-21
265.00 1.31570066e-24
265.10 4.04914152e-24
265.20 2.28510328e-21
265.30 1.16691573e-23
265.40 2.33364150e-23
265.50 5.01141495e-24
265.60 1.23180091e-25
265.70 9.51492315e-26
265.80 2.44790882e-23
265.90 2.22777982e-24
266.00 3.67048779e-24
266.10 1.04570237e-24
266.20 7.35666543e-24
266.30 5.48879442e-27
266.40 1.92999951e-26
266.50 1.05094647e-23
266.60 5.17975143e-25
266.70 2.90856607e-23
266.80 2.63572186e-23
266.90 4.80054423e-25
267.00 5.13035373e-25
267.10 1.27849929e-27
267.20 3.69355170e-25
267.30 1.23110199e-27
267.40 2.31796293e-24
267.50 1.22115714e-26
267.60 6.86536521e-27
267.70 2.54325915e-26
267.80 1.22097087e-25
267.90 2.19888126e-26
268.00 3.63244638e-28
268.10 2.64362495e-29
268.20 2.73925869e-31
268.30 2.99688037e-27
268.40 4.51568400e-25
268.50 9.23813202e-27
268.60 4.18352646e-29
268.70 2.45554058e-28
268.80 1.29207725e-29
268.90 2.52291352e-29
269.00 9.42984309e-32
269.10 6.01966107e-31
269.20 2.46366806e-26
269.30 3.63187149e-28
269.40 1.70371547e-26
269.50 1.73012986e-28
269.60 1.16150640e-28
269.70 5.45715240e-29
269.80 9.98749347e-31
269.90 4.68174810e-29
270.00 3.07826725e-32
270.10 1.31850758e-32
270.20 9.00995394e-29
270.30 4.13637111e-28
270.40 7.99202013e-31
270.50 1.16071738e-33
270.60 4.08363780e-33
270.70 2.32096409e-30
270.80 2.89502255e-33
270.90 0.00000000e+00
271.00 0.00000000e+00
271.10 0.00000000e+00
271.20 5.40197913e-33
271.30 4.19757324e-31
271.40 1.23907423e-32
271.50 2.38364025e-33
271.60 0.00000000e+00
271.70 0.00000000e+00
271.80 0.00000000e+00
271.90 0.00000000e+00
272.00 0.00000000e+00
272.10 0.00000000e+00
272.20 0.00000000e+00
272.30 0.00000000e+00
272.40 0.00000000e+00
272.50 0.00000000e+00
272.60 0.00000000e+00
272.70 0.00000000e+00
272.80 0.00000000e+00
272.90 0.00000000e+00
273.00 0.00000000e+00
273.10 0.00000000e+00
273.20 0.00000000e+00
273.30 0.00000000e+00
273.40 0.00000000e+00
273.50 0.00000000e+00
273.60 0.00000000e+00
273.70 0.00000000e+00
273.80 0.00000000e+00
273.90 0.00000000e+00
274.00 0.00000000e+00
274.10 0.00000000e+00
274.20 0.00000000e+00
274.30 0.00000000e+00
274.40 0.00000000e+00
274.50 0.00000000e+00
274.60 0.00000000e+00
274.70 0.00000000e+00
274.80 0.00000000e+00
274.90 0.00000000e+00
275.00 0.00000000e+00
275.10 0.00000000e+00
275.20 0.00000000e+00
275.30 0.00000000e+00
275.40 0.00000000e+00
275.50 0.00000000e+00
275.60 0.00000000e+00
275.70 0.00000000e+00
275.80 0.00000000e+00
275.90 0.00000000e+00
276.00 0.00000000e+00
276.10 0.00000000e+00
276.20 0.00000000e+00
276.30 0.00000000e+00
276.40 0.00000000e+00
276.50 0.00000000e+00
276.60 0.00000000e+00
276.70 0.00000000e+00
276.80 0.00000000e+00
276.90 0.00000000e+00
277.00 0.00000000e+00
277.10 0.00000000e+00
277.20 0.00000000e+00
277.30 0.00000000e+00
277.40 0.00000000e+00
277.50 0.00000000e+00
277.60 0.00000000e+00
277.70 0.00000000e+00
277.80 0.00000000e+00
277.90 0.00000000e+00
278.00 0.00000000e+00
278.10 0.00000000e+00
278.20 0.00000000e+00
278.30 0.00000000e+00
278.40 0.00000000e+00
278.50 0.00000000e+00
278.60 6.60499095e-31
278.70 5.94958611e-30
278.80 2.68743427e-29
278.90 1.00347839e-29
279.00 8.88686781e-31
279.10 8.96007771e-34
279.20 0.00000000e+00
279.30 0.00000000e+00
279.40 0.00000000e+00
279.50 0.00000000e+00
279.60 6.83444880e-23
279.70 6.99074586e-22
279.80 6.33373143e-22
279.90 6.64525911e-23
280.00 0.00000000e+00
280.10 0.00000000e+00
280.20 0.00000000e+00
280.30 0.00000000e+00
280.40 0.00000000e+00
280.50 0.00000000e+00
280.60 0.00000000e+00
280.70 0.00000000e+00
280.80 0.00000000e+00
280.90 0.00000000e+00
281.00 0.00000000e+00
281.10 4.87972722e-22
281.20 2.51731132e-20
281.30 5.48289588e-21
281.40 2.09191078e-21
281.50 3.01335105e-23
281.60 2.59812300e-20
281.70 3.22046226e-21
281.80 1.91506561e-20
281.90 6.94708302e-22
282.00 5.23241469e-27
282.10 8.60620098e-28
282.20 1.15802069e-28
282.30 1.90500958e-29
282.40 1.59573283e-28
282.50 1.18512403e-29
282.60 2.80163545e-29
282.70 6.77176662e-27
282.80 7.89529578e-30
282.90 9.13820949e-23
283.00 1.30375178e-21
283.10 4.00723653e-22
283.20 1.71615462e-22
283.30 2.85869813e-19
283.40 1.21259277e-21
283.50 2.84424144e-21
283.60 1.85034167e-21
283.70 1.21786848e-20
283.80 1.54360824e-23
283.90 7.04486037e-24
284.00 2.58521876e-21
284.10 1.91705271e-24
284.20 6.30139056e-25
284.30 1.26527426e-24
284.40 1.02700718e-22
284.50 1.32492010e-25
284.60 6.51216249e-26
284.70 6.64587597e-24
284.80 2.13482816e-26
284.90 3.96444414e-26
285.00 3.85763070e-27
285.10 7.27131354e-28
285.20 7.81651023e-28
285.30 1.24185764e-27
285.40 7.87385448e-23
285.50 2.14481960e-20
285.60 2.57167398e-20
285.70 3.24349026e-22
285.80 1.35909011e-23
285.90 5.17962681e-22
286.00 2.80399128e-24
286.10 4.59723780e-23
286.20 4.53884067e-24
286.30 5.02035774e-22
286.40 5.14994223e-22
286.50 3.11098368e-24
286.60 4.72640187e-25
286.70 5.59548882e-23
286.80 2.84782301e-25
286.90 2.52238353e-25
287.00 2.72628116e-25
287.10 1.20960162e-24
287.20 9.84527328e-27
287.30 1.67332520e-24
287.40 4.66383729e-27
287.50 1.01660463e-26
287.60 5.18615142e-24
287.70 2.00913966e-24
287.80 5.42671896e-24
287.90 1.38918808e-27
288.00 5.35282644e-28
288.10 1.32609465e-27
288.20 2.14163598e-27
288.30 1.71228958e-25
288.40 1.24727857e-25
288.50 2.90950570e-26
288.60 1.28621770e-23
288.70 4.11935511e-25
288.80 1.19761120e-25
288.90 1.47480334e-23
289.00 4.62835560e-27
289.10 1.07449857e-28
289.20 3.98554758e-29
289.30 6.97353120e-29
289.40 1.80744151e-27
289.50 1.66326169e-24
289.60 1.87563584e-26
289.70 4.56019719e-25
289.80 8.58900249e-27
289.90 4.68810321e-28
290.00 2.22164736e-30
290.10 9.14023647e-30
290.20 6.32373150e-29
290.30 2.08188839e-31
290.40 4.68865314e-26
290.50 8.19379650e-28
290.60 4.69894506e-26
290.70 2.73882269e-26
290.80 4.62726672e-26
290.90 2.34896198e-31
291.00 2.25440920e-31
291.10 1.26018084e-29
291.20 5.63703129e-33
291.30 3.30506070e-30
291.40 1.63316234e-29
291.50 7.39909386e-30
291.60 2.05915871e-28
291.70 1.14366815e-30
291.80 0.00000000e+00
291.90 0.00000000e+00
292.00 0.00000000e+00
292.10 0.00000000e+00
292.20 0.00000000e+00
292.30 0.00000000e+00
292.40 1.21762255e-32
292.50 4.52722353e-32
292.60 6.43901445e-29
292.70 6.81098832e-32
292.80 1.48896935e-32
292.90 0.00000000e+00
293.00 0.00000000e+00
293.10 0.00000000e+00
293.20 0.00000000e+00
293.30 0.00000000e+00
293.40 0.00000000e+00
293.50 4.32047646e-34
293.60 2.21439777e-33
293.70 3.68158917e-31
293.80 1.03728611e-33
293.90 0.00000000e+00
294.00 0.00000000e+00
294.10 0.00000000e+00
294.20 0.00000000e+00
294.30 0.00000000e+00
294.40 0.00000000e+00
294.50 0.00000000e+00
294.60 0.00000000e+00
294.70 0.00000000e+00
294.80 0.00000000e+00
294.90 0.00000000e+00
295.00 0.00000000e+00
295.10 0.00000000e+00
295.20 0.00000000e+00
295.30 0.00000000e+00
295.40 0.00000000e+00
295.50 0.00000000e+00
295.60 0.00000000e+00
295.70 0.00000000e+00
295.80 0.00000000e+00
295.90 0.00000000e+00
296.00 0.00000000e+00
296.10 0.00000000e+00
296.20 0.00000000e+00
296.30 0.00000000e+00
296.40 0.00000000e+00
296.50 0.00000000e+00
296.60 0.00000000e+00
296.70 0.00000000e+00
296.80 0.00000000e+00
296.90 0.00000000e+00
297.00 0.00000000e+00
297.10 0.00000000e+00
297.20 0.00000000e+00
297.30 0.00000000e+00
297.40 0.00000000e+00
297.50 0.00000000e+00
297.60 0.00000000e+00
297.70 0.00000000e+00
297.80 0.00000000e+00
297.90 0.00000000e+00
298.00 0.00000000e+00
298.10 0.00000000e+00
298.20 0.00000000e+00
298.30 0.00000000e+00
298.40 0.00000000e+00
298.50 0.00000000e+00
298.60 0.00000000e+00
298.70 0.00000000e+00
298.80 0.00000000e+00
298.90 0.00000000e+00
299.00 0.00000000e+00
299.10 0.00000000e+00
299.20 0.00000000e+00
299.30 0.00000000e+00
299.40 0.00000000e+00
299.50 0.00000000e+00
299.60 0.00000000e+00
299.70 0.00000000e+00
299.80 0.00000000e+00
299.90 0.00000000e+00
300.00 0.00000000e+00
300.10 0.00000000e+00
300.20 0.00000000e+00
300.30 0.00000000e+00
300.40 0.00000000e+00
300.50 0.00000000e+00
300.60 0.00000000e+00
300.70 0.00000000e+00
300.80 0.00000000e+00
300.90 0.00000000e+00
301.00 0.00000000e+00
301.10 0.00000000e+00
301.20 0.00000000e+00
301.30 0.00000000e+00
301.40 0.00000000e+00
301.50 0.00000000e+00
301.60 0.00000000e+00
301.70 0.00000000e+00
301.80 0.00000000e+00
301.90 0.00000000e+00
302.00 0.00000000e+00
302.10 0.00000000e+00
302.20 0.00000000e+00
302.30 2.15173589e-30
302.40 1.02966949e-29
302.50 7.78472403e-27
302.60 6.01956069e-30
302.70 1.66197904e-30
302.80 0.00000000e+00
302.90 0.00000000e+00
303.00 0.00000000e+00
303.10 0.00000000e+00
303.20 0.00000000e+00
303.30 0.00000000e+00
303.40 0.00000000e+00
303.50 0.00000000e+00
303.60 0.00000000e+00
303.70 0.00000000e+00
303.80 0.00000000e+00
303.90 0.00000000e+00
304.00 0.00000000e+00
304.10 0.00000000e+00
304.20 0.00000000e+00
304.30 0.00000000e+00
304.40 0.00000000e+00
304.50 0.00000000e+00
304.60 0.00000000e+00
304.70 0.00000000e+00
304.80 0.00000000e+00
304.90 0.00000000e+00
305.00 0.00000000e+00
305.10 0.00000000e+00
305.20 0.00000000e+00
305.30 0.00000000e+00
305.40 0.00000000e+00
305.50 0.00000000e+00
305.60 0.00000000e+00
305.70 0.00000000e+00
305.80 0.00000000e+00
305.90 0.00000000e+00
306.00 0.00000000e+00
306.10 0.00000000e+00
306.20 0.00000000e+00
306.30 0.00000000e+00
306.40 0.00000000e+00
306.50 0.00000000e+00
306.60 3.63024270e-31
306.70 3.69478773e-30
306.80 3.85059678e-30
306.90 9.87984192e-30
307.00 3.70275177e-29
307.10 6.98494212e-29
307.20 5.26003389e-30
307.30 0.00000000e+00
307.40 0.00000000e+00
307.50 0.00000000e+00
307.60 0.00000000e+00
307.70 0.00000000e+00
307.80 0.00000000e+00
307.90 0.00000000e+00
308.00 0.00000000e+00
308.10 0.00000000e+00
308.20 0.00000000e+00
308.30 0.00000000e+00
308.40 0.00000000e+00
308.50 0.00000000e+00
308.60 0.00000000e+00
308.70 0.00000000e+00
308.80 0.00000000e+00
308.90 0.00000000e+00
309.00 0.00000000e+00
309.10 0.00000000e+00
309.20 0.00000000e+00
309.30 0.00000000e+00
309.40 0.00000000e+00
309.50 0.00000000e+00
309.60 0.00000000e+00
309.70 0.00000000e+00
309.80 0.00000000e+00
309.90 0.00000000e+00
310.00 0.00000000e+00
310.10 0.00000000e+00
310.20 0.00000000e+00
310.30 0.00000000e+00
310.40 0.00000000e+00
310.50 1.93165928e-33
310.60 2.23768746e-32
310.70 1.68159658e-32
310.80 1.78225844e-33
310.90 0.00000000e+00
311.00 0.00000000e+00
311.10 0.00000000e+00
311.20 0.00000000e+00
311.30 0.00000000e+00
311.40 4.33877124e-33
311.50 1.82491388e-32
311.60 1.60663747e-29
311.70 9.20510688e-31
311.80 1.82508203e-30
311.90 9.06914841e-30
312.00 3.79950663e-31
312.10 2.72609087e-31
312.20 7.91692638e-33
312.30 6.83848722e-30
312.40 6.95242647e-30
312.50 9.83470467e-33
312.60 9.88030470e-34
312.70 0.00000000e+00
312.80 1.28575969e-33
312.90 3.72945378e-33
313.00 4.80026277e-32
313.10 2.83027179e-32
313.20 3.21401277e-33
313.30 0.00000000e+00
313.40 0.00000000e+00
313.50 0.00000000e+00
313.60 0.00000000e+00
313.70 0.00000000e+00
313.80 0.00000000e+00
313.90 0.00000000e+00
314.00 0.00000000e+00
314.10 0.00000000e+00
314.20 0.00000000e+00
314.30 0.00000000e+00
314.40 0.00000000e+00
314.50 0.00000000e+00
314.60 4.46189859e-34
314.70 2.18337422e-33
314.80 1.35529879e-30
314.90 6.33798897e-33
315.00 8.03749437e-33
315.10 4.09786230e-30
315.20 4.40105409e-33
315.30 1.10372709e-33
315.40 0.00000000e+00
315.50 0.00000000e+00
315.60 0.00000000e+00
315.70 0.00000000e+00
315.80 0.00000000e+00
315.90 0.00000000e+00
316.00 0.00000000e+00
316.10 0.00000000e+00
316.20 0.00000000e+00
316.30 0.00000000e+00
316.40 0.00000000e+00
316.50 0.00000000e+00
316.60 0.00000000e+00
316.70 0.00000000e+00
316.80 0.00000000e+00
316.90 3.74964729e-33
317.00 3.58118115e-32
317.10 4.80389370e-32
317.20 4.08279306e-33
317.30 1.42891365e-33
317.40 0.00000000e+00
317.50 0.00000000e+00
317.60 0.00000000e+00
317.70 0.00000000e+00
317.80 0.00000000e+00
317.90 0.00000000e+00
318.00 0.00000000e+00
318.10 0.00000000e+00
318.20 0.00000000e+00
318.30 0.00000000e+00
318.40 0.00000000e+00
318.50 0.00000000e+00
318.60 0.00000000e+00
318.70 0.00000000e+00
318.80 0.00000000e+00
318.90 0.00000000e+00
319.00 0.00000000e+00
319.10 0.00000000e+00
319.20 0.00000000e+00
319.30 0.00000000e+00
319.40 0.00000000e+00
319.50 0.00000000e+00
319.60 0.00000000e+00
319.70 0.00000000e+00
319.80 0.00000000e+00
319.90 0.00000000e+00
320.00 0.00000000e+00
320.10 0.00000000e+00
320.20 0.00000000e+00
320.30 0.00000000e+00
320.40 0.00000000e+00
320.50 0.00000000e+00
320.60 0.00000000e+00
320.70 0.00000000e+00
320.80 0.00000000e+00
320.90 0.00000000e+00
321.00 0.00000000e+00
321.10 0.00000000e+00
321.20 0.00000000e+00
321.30 0.00000000e+00
321.40 0.00000000e+00
321.50 0.00000000e+00
321.60 0.00000000e+00
321.70 0.00000000e+00
321.80 0.00000000e+00
321.90 0.00000000e+00
322.00 0.00000000e+00
322.10 0.00000000e+00
322.20 0.00000000e+00
322.30 0.00000000e+00
322.40 0.00000000e+00
322.50 0.00000000e+00
322.60 0.00000000e+00
322.70 0.00000000e+00
322.80 0.00000000e+00
322.90 0.00000000e+00
323.00 0.00000000e+00
323.10 0.00000000e+00
323.20 0.00000000e+00
323.30 0.00000000e+00
323.40 0.00000000e+00
323.50 0.00000000e+00
323.60 0.00000000e+00
323.70 0.00000000e+00
323.80 0.00000000e+00
323.90 0.00000000e+00
324.00 0.00000000e+00
324.10 0.00000000e+00
324.20 0.00000000e+00
324.30 0.00000000e+00
324.40 0.00000000e+00
324.50 0.00000000e+00
324.60 0.00000000e+00
324.70 0.00000000e+00
324.80 0.00000000e+00
324.90 0.00000000e+00
325.00 0.00000000e+00
325.10 0.00000000e+00
325.20 0.00000000e+00
325.30 0.00000000e+00
325.40 0.00000000e+00
325.50 0.00000000e+00
325.60 0.00000000e+00
325.70 0.00000000e+00
325.80 0.00000000e+00
325.90 0.00000000e+00
326.00 0.00000000e+00
326.10 0.00000000e+00
326.20 0.00000000e+00
326.30 0.00000000e+00
326.40 0.00000000e+00
326.50 0.00000000e+00
326.60 0.00000000e+00
326.70 0.00000000e+00
326.80 0.00000000e+00
326.90 0.00000000e+00
327.00 0.00000000e+00
327.10 0.00000000e+00
327.20 0.00000000e+00
327.30 0.00000000e+00
327.40 0.00000000e+00
327.50 0.00000000e+00
327.60 0.00000000e+00
327.70 0.00000000e+00
327.80 0.00000000e+00
327.90 0.00000000e+00
328.00 0.00000000e+00
328.10 0.00000000e+00
328.20 0.00000000e+00
328.30 0.00000000e+00
328.40 0.00000000e+00
328.50 0.00000000e+00
328.60 0.00000000e+00
328.70 0.00000000e+00
328.80 0.00000000e+00
328.90 0.00000000e+00
329.00 0.00000000e+00
329.10 0.00000000e+00
329.20 0.00000000e+00
329.30 0.00000000e+00
329.40 0.00000000e+00
329.50 0.00000000e+00
329.60 0.00000000e+00
329.70 0.00000000e+00
329.80 0.00000000e+00
329.90 0.00000000e+00
330.00 0.00000000e+00
330.10 0.00000000e+00
330.20 0.00000000e+00
330.30 0.00000000e+00
330.40 0.00000000e+00
330.50 0.00000000e+00
330.60 0.00000000e+00
330.70 0.00000000e+00
330.80 0.00000000e+00
330.90 0.00000000e+00
331.00 0.00000000e+00
331.10 0.00000000e+00
331.20 0.00000000e+00
331.30 0.00000000e+00
331.40 0.00000000e+00
331.50 0.00000000e+00
331.60 0.00000000e+00
331.70 0.00000000e+00
331.80 0.00000000e+00
331.90 0.00000000e+00
332.00 0.00000000e+00
332.10 0.00000000e+00
332.20 0.00000000e+00
332.30 0.00000000e+00
332.40 0.00000000e+00
332.50 0.00000000e+00
332.60 0.00000000e+00
332.70 0.00000000e+00
332.80 0.00000000e+00
332.90 0.00000000e+00
333.00 0.00000000e+00
333.10 0.00000000e+00
333.20 0.00000000e+00
333.30 0.00000000e+00
333.40 0.00000000e+00
333.50 0.00000000e+00
333.60 0.00000000e+00
333.70 0.00000000e+00
333.80 0.00000000e+00
333.90 0.00000000e+00
334.00 0.00000000e+00
334.10 0.00000000e+00
334.20 0.00000000e+00
334.30 0.00000000e+00
334.40 0.00000000e+00
334.50 0.00000000e+00
334.60 0.00000000e+00
334.70 0.00000000e+00
334.80 0.00000000e+00
334.90 0.00000000e+00
335.00 0.00000000e+00
335.10 0.00000000e+00
335.20 0.00000000e+00
335.30 0.00000000e+00
335.40 0.00000000e+00
335.50 0.00000000e+00
335.60 0.00000000e+00
335.70 0.00000000e+00
335.80 0.00000000e+00
335.90 0.00000000e+00
336.00 0.00000000e+00
336.10 0.00000000e+00
336.20 0.00000000e+00
336.30 0.00000000e+00
336.40 0.00000000e+00
336.50 0.00000000e+00
336.60 0.00000000e+00
336.70 0.00000000e+00
336.80 0.00000000e+00
336.90 0.00000000e+00
337.00 0.00000000e+00
337.10 0.00000000e+00
337.20 0.00000000e+00
337.30 0.00000000e+00
337.40 0.00000000e+00
337.50 0.00000000e+00
337.60 0.00000000e+00
337.70 0.00000000e+00
337.80 0.00000000e+00
337.90 0.00000000e+00
338.00 0.00000000e+00
338.10 0.00000000e+00
338.20 0.00000000e+00
338.30 0.00000000e+00
338.40 0.00000000e+00
338.50 0.00000000e+00
338.60 0.00000000e+00
338.70 0.00000000e+00
338.80 0.00000000e+00
338.90 0.00000000e+00
339.00 0.00000000e+00
339.10 0.00000000e+00
339.20 0.00000000e+00
339.30 0.00000000e+00
339.40 0.00000000e+00
339.50 0.00000000e+00
339.60 0.00000000e+00
339.70 0.00000000e+00
339.80 0.00000000e+00
339.90 0.00000000e+00
340.00 0.00000000e+00
340.10 0.00000000e+00
340.20 0.00000000e+00
340.30 0.00000000e+00
340.40 0.00000000e+00
340.50 0.00000000e+00
340.60 0.00000000e+00
340.70 0.00000000e+00
340.80 0.00000000e+00
340.90 0.00000000e+00
341.00 0.00000000e+00
341.10 0.00000000e+00
341.20 0.00000000e+00
341.30 0.00000000e+00
341.40 0.00000000e+00
341.50 0.00000000e+00
341.60 0.00000000e+00
341.70 0.00000000e+00
341.80 0.00000000e+00
341.90 0.00000000e+00
342.00 0.00000000e+00
342.10 0.00000000e+00
342.20 0.00000000e+00
342.30 0.00000000e+00
342.40 0.00000000e+00
342.50 0.00000000e+00
342.60 0.00000000e+00
342.70 0.00000000e+00
342.80 0.00000000e+00
342.90 0.00000000e+00
343.00 0.00000000e+00
343.10 0.00000000e+00
343.20 0.00000000e+00
343.30 0.00000000e+00
343.40 0.00000000e+00
343.50 0.00000000e+00
343.60 0.00000000e+00
343.70 0.00000000e+00
343.80 0.00000000e+00
343.90 0.00000000e+00
344.00 0.00000000e+00
344.10 0.00000000e+00
344.20 0.00000000e+00
344.30 0.00000000e+00
344.40 0.00000000e+00
344.50 0.00000000e+00
344.60 0.00000000e+00
344.70 0.00000000e+00
344.80 0.00000000e+00
344.90 0.00000000e+00
345.00 0.00000000e+00
345.10 0.00000000e+00
345.20 0.00000000e+00
345.30 0.00000000e+00
345.40 0.00000000e+00
345.50 0.00000000e+00
345.60 0.00000000e+00
345.70 0.00000000e+00
345.80 0.00000000e+00
345.90 0.00000000e+00
346.00 0.00000000e+00
346.10 0.00000000e+00
346.20 0.00000000e+00
346.30 0.00000000e+00
346.40 0.00000000e+00
346.50 0.00000000e+00
346.60 0.00000000e+00
346.70 0.00000000e+00
346.80 0.00000000e+00
346.90 0.00000000e+00
347.00 0.00000000e+00
347.10 0.00000000e+00
347.20 0.00000000e+00
347.30 0.00000000e+00
347.40 0.00000000e+00
347.50 0.00000000e+00
347.60 0.00000000e+00
347.70 0.00000000e+00
347.80 0.00000000e+00
347.90 0.00000000e+00
348.00 0.00000000e+00
348.10 0.00000000e+00
348.20 0.00000000e+00
348.30 0.00000000e+00
348.40 0.00000000e+00
348.50 0.00000000e+00
348.60 0.00000000e+00
348.70 0.00000000e+00
348.80 0.00000000e+00
348.90 0.00000000e+00
349.00 0.00000000e+00
349.10 0.00000000e+00
349.20 0.00000000e+00
349.30 0.00000000e+00
349.40 0.00000000e+00
349.50 0.00000000e+00
349.60 0.00000000e+00
349.70 0.00000000e+00
349.80 0.00000000e+00
349.90 0.00000000e+00
350.00 0.00000000e+00
350.10 0.00000000e+00
350.20 0.00000000e+00
350.30 0.00000000e+00
350.40 0.00000000e+00
350.50 0.00000000e+00
350.60 0.00000000e+00
350.70 0.00000000e+00
350.80 0.00000000e+00
350.90 0.00000000e+00
351.00 0.00000000e+00
351.10 0.00000000e+00
351.20 0.00000000e+00
351.30 0.00000000e+00
351.40 0.00000000e+00
351.50 0.00000000e+00
351.60 0.00000000e+00
351.70 0.00000000e+00
351.80 0.00000000e+00
351.90 0.00000000e+00
352.00 0.00000000e+00
352.10 0.00000000e+00
352.20 0.00000000e+00
352.30 0.00000000e+00
352.40 0.00000000e+00
352.50 0.00000000e+00
352.60 0.00000000e+00
352.70 0.00000000e+00
352.80 0.00000000e+00
352.90 0.00000000e+00
353.00 0.00000000e+00
353.10 0.00000000e+00
353.20 0.00000000e+00
353.30 0.00000000e+00
353.40 0.00000000e+00
353.50 0.00000000e+00
353.60 0.00000000e+00
353.70 0.00000000e+00
353.80 0.00000000e+00
353.90 0.00000000e+00
354.00 0.00000000e+00
354.10 0.00000000e+00
354.20 0.00000000e+00
354.30 0.00000000e+00
354.40 0.00000000e+00
354.50 0.00000000e+00
354.60 0.00000000e+00
354.70 0.00000000e+00
354.80 0.00000000e+00
354.90 0.00000000e+00
355.00 0.00000000e+00
355.10 0.00000000e+00
355.20 0.00000000e+00
355.30 0.00000000e+00
355.40 0.00000000e+00
355.50 0.00000000e+00
355.60 0.00000000e+00
355.70 0.00000000e+00
355.80 0.00000000e+00
355.90 0.00000000e+00
356.00 0.00000000e+00
356.10 0.00000000e+00
356.20 0.00000000e+00
356.30 0.00000000e+00
356.40 0.00000000e+00
356.50 0.00000000e+00
356.60 0.00000000e+00
356.70 0.00000000e+00
356.80 0.00000000e+00
356.90 0.00000000e+00
357.00 0.00000000e+00
357.10 0.00000000e+00
357.20 0.00000000e+00
357.30 0.00000000e+00
357.40 0.00000000e+00
357.50 0.00000000e+00
357.60 0.00000000e+00
357.70 0.00000000e+00
357.80 0.00000000e+00
357.90 0.00000000e+00
358.00 0.00000000e+00
358.10 0.00000000e+00
358.20 0.00000000e+00
358.30 0.00000000e+00
358.40 0.00000000e+00
358.50 0.00000000e+00
358.60 0.00000000e+00
358.70 0.00000000e+00
358.80 0.00000000e+00
358.90 0.00000000e+00
359.00 0.00000000e+00
359.10 0.00000000e+00
359.20 0.00000000e+00
359.30 0.00000000e+00
359.40 0.00000000e+00
359.50 0.00000000e+00
359.60 0.00000000e+00
359.70 0.00000000e+00
359.80 0.00000000e+00
359.90 0.00000000e+00
360.00 0.00000000e+00
360.10 0.00000000e+00
360.20 0.00000000e+00
360.30 0.00000000e+00
360.40 0.00000000e+00
360.50 0.00000000e+00
360.60 0.00000000e+00
360.70 0.00000000e+00
360.80 0.00000000e+00
360.90 0.00000000e+00
361.00 0.00000000e+00
361.10 0.00000000e+00
361.20 0.00000000e+00
361.30 0.00000000e+00
361.40 0.00000000e+00
361.50 0.00000000e+00
361.60 0.00000000e+00
361.70 0.00000000e+00
361.80 0.00000000e+00
361.90 0.00000000e+00
362.00 0.00000000e+00
362.10 0.00000000e+00
362.20 0.00000000e+00
362.30 0.00000000e+00
362.40 0.00000000e+00
362.50 0.00000000e+00
362.60 0.00000000e+00
362.70 0.00000000e+00
362.80 0.00000000e+00
362.90 0.00000000e+00
363.00 0.00000000e+00
363.10 0.00000000e+00
363.20 0.00000000e+00
363.30 0.00000000e+00
363.40 0.00000000e+00
363.50 0.00000000e+00
363.60 0.00000000e+00
363.70 0.00000000e+00
363.80 0.00000000e+00
363.90 0.00000000e+00
364.00 0.00000000e+00
364.10 0.00000000e+00
364.20 0.00000000e+00
364.30 0.00000000e+00
364.40 0.00000000e+00
364.50 0.00000000e+00
364.60 0.00000000e+00
364.70 0.00000000e+00
364.80 0.00000000e+00
364.90 0.00000000e+00
365.00 0.00000000e+00
365.10 0.00000000e+00
365.20 0.00000000e+00
365.30 0.00000000e+00
365.40 0.00000000e+00
365.50 0.00000000e+00
365.60 0.00000000e+00
365.70 0.00000000e+00
365.80 0.00000000e+00
365.90 0.00000000e+00
366.00 0.00000000e+00
366.10 0.00000000e+00
366.20 0.00000000e+00
366.30 0.00000000e+00
366.40 0.00000000e+00
366.50 0.00000000e+00
366.60 0.00000000e+00
366.70 0.00000000e+00
366.80 0.00000000e+00
366.90 0.00000000e+00
367.00 0.00000000e+00
367.10 0.00000000e+00
367.20 0.00000000e+00
367.30 0.00000000e+00
367.40 0.00000000e+00
367.50 0.00000000e+00
367.60 0.00000000e+00
367.70 0.00000000e+00
367.80 0.00000000e+00
367.90 0.00000000e+00
368.00 0.00000000e+00
368.10 0.00000000e+00
368.20 0.00000000e+00
368.30 0.00000000e+00
368.40 0.00000000e+00
368.50 0.00000000e+00
368.60 0.00000000e+00
368.70 0.00000000e+00
368.80 0.00000000e+00
368.90 0.00000000e+00
369.00 0.00000000e+00
369.10 0.00000000e+00
369.20 0.00000000e+00
369.30 0.00000000e+00
369.40 0.00000000e+00
369.50 0.00000000e+00
369.60 0.00000000e+00
369.70 0.00000000e+00
369.80 0.00000000e+00
369.90 0.00000000e+00
370.00 0.00000000e+00
370.10 0.00000000e+00
370.20 0.00000000e+00
370.30 0.00000000e+00
370.40 0.00000000e+00
370.50 0.00000000e+00
370.60 0.00000000e+00
370.70 0.00000000e+00
370.80 0.00000000e+00
370.90 0.00000000e+00
371.00 0.00000000e+00
371.10 0.00000000e+00
371.20 0.00000000e+00
371.30 0.00000000e+00
371.40 0.00000000e+00
371.50 0.00000000e+00
371.60 0.00000000e+00
371.70 0.00000000e+00
371.80 0.00000000e+00
371.90 0.00000000e+00
372.00 0.00000000e+00
372.10 0.00000000e+00
372.20 0.00000000e+00
372.30 0.00000000e+00
372.40 0.00000000e+00
372.50 0.00000000e+00
372.60 0.00000000e+00
372.70 0.00000000e+00
372.80 0.00000000e+00
372.90 0.00000000e+00
373.00 0.00000000e+00
373.10 0.00000000e+00
373.20 0.00000000e+00
373.30 0.00000000e+00
373.40 0.00000000e+00
373.50 0.00000000e+00
373.60 0.00000000e+00
373.70 0.00000000e+00
373.80 0.00000000e+00
373.90 0.00000000e+00
374.00 0.00000000e+00
374.10 0.00000000e+00
374.20 0.00000000e+00
374.30 0.00000000e+00
374.40 0.00000000e+00
374.50 0.00000000e+00
374.60 0.00000000e+00
374.70 0.00000000e+00
374.80 0.00000000e+00
374.90 0.00000000e+00
375.00 0.00000000e+00
375.10 0.00000000e+00
375.20 0.00000000e+00
375.30 0.00000000e+00
375.40 0.00000000e+00
375.50 0.00000000e+00
375.60 0.00000000e+00
375.70 0.00000000e+00
375.80 0.00000000e+00
375.90 0.00000000e+00
376.00 0.00000000e+00
376.10 0.00000000e+00
376.20 0.00000000e+00
376.30 0.00000000e+00
376.40 0.00000000e+00
376.50 0.00000000e+00
376.60 0.00000000e+00
376.70 0.00000000e+00
376.80 0.00000000e+00
376.90 0.00000000e+00
377.00 0.00000000e+00
377.10 0.00000000e+00
377.20 0.00000000e+00
377.30 0.00000000e+00
377.40 0.00000000e+00
377.50 0.00000000e+00
377.60 0.00000000e+00
377.70 0.00000000e+00
377.80 0.00000000e+00
377.90 0.00000000e+00
378.00 0.00000000e+00
378.10 0.00000000e+00
378.20 0.00000000e+00
378.30 0.00000000e+00
378.40 0.00000000e+00
378.50 0.00000000e+00
378.60 0.00000000e+00
378.70 0.00000000e+00
378.80 0.00000000e+00
378.90 0.00000000e+00
379.00 0.00000000e+00
379.10 0.00000000e+00
379.20 0.00000000e+00
379.30 0.00000000e+00
379.40 0.00000000e+00
379.50 0.00000000e+00
379.60 0.00000000e+00
379.70 0.00000000e+00
379.80 0.00000000e+00
379.90 0.00000000e+00
380.00 0.00000000e+00
380.10 0.00000000e+00
380.20 0.00000000e+00
380.30 0.00000000e+00
380.40 0.00000000e+00
380.50 0.00000000e+00
380.60 0.00000000e+00
380.70 0.00000000e+00
380.80 0.00000000e+00
380.90 0.00000000e+00
381.00 0.00000000e+00
381.10 0.00000000e+00
381.20 0.00000000e+00
381.30 0.00000000e+00
381.40 0.00000000e+00
381.50 0.00000000e+00
381.60 0.00000000e+00
381.70 0.00000000e+00
381.80 0.00000000e+00
381.90 0.00000000e+00
382.00 0.00000000e+00
382.10 0.00000000e+00
382.20 0.00000000e+00
382.30 0.00000000e+00
382.40 0.00000000e+00
382.50 0.00000000e+00
382.60 0.00000000e+00
382.70 0.00000000e+00
382.80 0.00000000e+00
382.90 0.00000000e+00
383.00 0.00000000e+00
383.10 0.00000000e+00
383.20 0.00000000e+00
383.30 0.00000000e+00
383.40 0.00000000e+00
383.50 0.00000000e+00
383.60 0.00000000e+00
383.70 0.00000000e+00
383.80 0.00000000e+00
383.90 0.00000000e+00
384.00 0.00000000e+00
384.10 0.00000000e+00
384.20 0.00000000e+00
384.30 0.00000000e+00
384.40 0.00000000e+00
384.50 0.00000000e+00
384.60 0.00000000e+00
384.70 0.00000000e+00
384.80 0.00000000e+00
384.90 0.00000000e+00
385.00 0.00000000e+00
385.10 0.00000000e+00
385.20 0.00000000e+00
385.30 0.00000000e+00
385.40 0.00000000e+00
385.50 0.00000000e+00
385.60 0.00000000e+00
385.70 0.00000000e+00
385.80 0.00000000e+00
385.90 0.00000000e+00
386.00 0.00000000e+00
386.10 0.00000000e+00
386.20 0.00000000e+00
386.30 0.00000000e+00
386.40 0.00000000e+00
386.50 0.00000000e+00
386.60 0.00000000e+00
386.70 0.00000000e+00
386.80 0.00000000e+00
386.90 0.00000000e+00
387.00 0.00000000e+00
387.10 0.00000000e+00
387.20 0.00000000e+00
387.30 0.00000000e+00
387.40 0.00000000e+00
387.50 0.00000000e+00
387.60 0.00000000e+00
387.70 0.00000000e+00
387.80 0.00000000e+00
387.90 0.00000000e+00
388.00 0.00000000e+00
388.10 0.00000000e+00
388.20 0.00000000e+00
388.30 0.00000000e+00
388.40 0.00000000e+00
388.50 0.00000000e+00
388.60 0.00000000e+00
388.70 0.00000000e+00
388.80 0.00000000e+00
388.90 0.00000000e+00
389.00 0.00000000e+00
389.10 0.00000000e+00
389.20 0.00000000e+00
389.30 0.00000000e+00
389.40 0.00000000e+00
389.50 0.00000000e+00
389.60 0.00000000e+00
389.70 0.00000000e+00
389.80 0.00000000e+00
389.90 0.00000000e+00
390.00 0.00000000e+00
390.10 0.00000000e+00
390.20 0.00000000e+00
390.30 0.00000000e+00
390.40 0.00000000e+00
390.50 0.00000000e+00
390.60 0.00000000e+00
390.70 0.00000000e+00
390.80 0.00000000e+00
390.90 0.00000000e+00
391.00 0.00000000e+00
391.10 0.00000000e+00
391.20 0.00000000e+00
391.30 0.00000000e+00
391.40 0.00000000e+00
391.50 0.00000000e+00
391.60 0.00000000e+00
391.70 0.00000000e+00
391.80 0.00000000e+00
391.90 0.00000000e+00
392.00 0.00000000e+00
392.10 0.00000000e+00
392.20 0.00000000e+00
392.30 0.00000000e+00
392.40 0.00000000e+00
392.50 0.00000000e+00
392.60 0.00000000e+00
392.70 0.00000000e+00
392.80 0.00000000e+00
392.90 0.00000000e+00
393.00 0.00000000e+00
393.10 0.00000000e+00
393.20 0.00000000e+00
393.30 0.00000000e+00
393.40 0.00000000e+00
393.50 0.00000000e+00
393.60 0.00000000e+00
393.70 0.00000000e+00
393.80 0.00000000e+00
393.90 0.00000000e+00
394.00 0.00000000e+00
394.10 0.00000000e+00
394.20 0.00000000e+00
394.30 0.00000000e+00
394.40 0.00000000e+00
394.50 0.00000000e+00
394.60 0.00000000e+00
394.70 0.00000000e+00
394.80 0.00000000e+00
394.90 0.00000000e+00
395.00 0.00000000e+00
395.10 0.00000000e+00
395.20 0.00000000e+00
395.30 0.00000000e+00
395.40 0.00000000e+00
395.50 0.00000000e+00
395.60 0.00000000e+00
395.70 0.00000000e+00
395.80 0.00000000e+00
395.90 0.00000000e+00
396.00 0.00000000e+00
396.10 0.00000000e+00
396.20 0.00000000e+00
396.30 0.00000000e+00
396.40 0.00000000e+00
396.50 0.00000000e+00
396.60 0.00000000e+00
396.70 0.00000000e+00
396.80 0.00000000e+00
396.90 0.00000000e+00
397.00 0.00000000e+00
397.10 0.00000000e+00
397.20 0.00000000e+00
397.30 0.00000000e+00
397.40 0.00000000e+00
397.50 0.00000000e+00
397.60 0.00000000e+00
397.70 0.00000000e+00
397.80 0.00000000e+00
397.90 0.00000000e+00
398.00 0.00000000e+00
398.10 0.00000000e+00
398.20 0.00000000e+00
398.30 0.00000000e+00
398.40 0.00000000e+00
398.50 0.00000000e+00
398.60 0.00000000e+00
398.70 0.00000000e+00
398.80 0.00000000e+00
398.90 0.00000000e+00
399.00 0.00000000e+00
399.10 0.00000000e+00
399.20 0.00000000e+00
399.30 0.00000000e+00
399.40 0.00000000e+00
399.50 0.00000000e+00
399.60 0.00000000e+00
399.70 0.00000000e+00
399.80 0.00000000e+00
399.90 0.00000000e+00
400.00 0.00000000e+00
