 82.80 0.00000000e+00
 82.90 0.00000000e+00
 83.00 0.00000000e+00
 83.10 0.00000000e+00
 83.20 0.00000000e+00
 83.30 0.00000000e+00
 83.40 0.00000000e+00
 83.50 0.00000000e+00
 83.60 0.00000000e+00
 83.70 0.00000000e+00
 83.80 0.00000000e+00
 83.90 0.00000000e+00
 84.00 0.00000000e+00
 84.10 0.00000000e+00
 84.20 0.00000000e+00
 84.30 0.00000000e+00
 84.40 0.00000000e+00
 84.50 0.00000000e+00
 84.60 0.00000000e+00
 84.70 0.00000000e+00
 84.80 0.00000000e+00
 84.90 0.00000000e+00
 85.00 0.00000000e+00
 85.10 0.00000000e+00
 85.20 0.00000000e+00
 85.30 0.00000000e+00
 85.40 0.00000000e+00
 85.50 0.00000000e+00
 85.60 0.00000000e+00
 85.70 0.00000000e+00
 85.80 0.00000000e+00
 85.90 0.00000000e+00
 86.00 0.00000000e+00
 86.10 0.00000000e+00
 86.20 0.00000000e+00
 86.30 0.00000000e+00
 86.40 0.00000000e+00
 86.50 0.00000000e+00
 86.60 0.00000000e+00
 86.70 0.00000000e+00
 86.80 0.00000000e+00
 86.90 0.00000000e+00
 87.00 0.00000000e+00
 87.10 0.00000000e+00
 87.20 0.00000000e+00
 87.30 0.00000000e+00
 87.40 0.00000000e+00
 87.50 0.00000000e+00
 87.60 0.00000000e+00
 87.70 0.00000000e+00
 87.80 0.00000000e+00
 87.90 0.00000000e+00
 88.00 0.00000000e+00
 88.10 0.00000000e+00
 88.20 0.00000000e+00
 88.30 0.00000000e+00
 88.40 0.00000000e+00
 88.50 0.00000000e+00
 88.60 0.00000000e+00
 88.70 0.00000000e+00
 88.80 0.00000000e+00
 88.90 0.00000000e+00
 89.00 0.00000000e+00
 89.10 0.00000000e+00
 89.20 0.00000000e+00
 89.30 0.00000000e+00
 89.40 0.00000000e+00
 89.50 0.00000000e+00
 89.60 0.00000000e+00
 89.70 0.00000000e+00
 89.80 0.00000000e+00
 89.90 0.00000000e+00
 90.00 0.00000000e+00
 90.10 0.00000000e+00
 90.20 0.00000000e+00
 90.30 0.00000000e+00
 90.40 0.00000000e+00
 90.50 0.00000000e+00
 90.60 0.00000000e+00
 90.70 0.00000000e+00
 90.80 0.00000000e+00
 90.90 0.00000000e+00
 91.00 0.00000000e+00
 91.10 0.00000000e+00
 91.20 0.00000000e+00
 91.30 0.00000000e+00
 91.40 0.00000000e+00
 91.50 0.00000000e+00
 91.60 0.00000000e+00
 91.70 0.00000000e+00
 91.80 0.00000000e+00
 91.90 0.00000000e+00
 92.00 0.00000000e+00
 92.10 0.00000000e+00
 92.20 0.00000000e+00
 92.30 0.00000000e+00
 92.40 0.00000000e+00
 92.50 0.00000000e+00
 92.60 0.00000000e+00
 92.70 0.00000000e+00
 92.80 0.00000000e+00
 92.90 0.00000000e+00
 93.00 0.00000000e+00
 93.10 0.00000000e+00
 93.20 0.00000000e+00
 93.30 0.00000000e+00
 93.40 0.00000000e+00
 93.50 0.00000000e+00
 93.60 0.00000000e+00
 93.70 0.00000000e+00
 93.80 0.00000000e+00
 93.90 0.00000000e+00
 94.00 0.00000000e+00
 94.10 0.00000000e+00
 94.20 0.00000000e+00
 94.30 0.00000000e+00
 94.40 0.00000000e+00
 94.50 0.00000000e+00
 94.60 0.00000000e+00
 94.70 0.00000000e+00
 94.80 0.00000000e+00
 94.90 0.00000000e+00
 95.00 0.00000000e+00
 95.10 0.00000000e+00
 95.20 0.00000000e+00
 95.30 0.00000000e+00
 95.40 0.00000000e+00
 95.50 0.00000000e+00
 95.60 0.00000000e+00
 95.70 0.00000000e+00
 95.80 0.00000000e+00
 95.90 0.00000000e+00
 96.00 0.00000000e+00
 96.10 0.00000000e+00
 96.20 0.00000000e+00
 96.30 0.00000000e+00
 96.40 0.00000000e+00
 96.50 0.00000000e+00
 96.60 0.00000000e+00
 96.70 0.00000000e+00
 96.80 1.69185000e-20
 96.90 9.70281000e-20
 97.00 1.16594000e-19
 97.10 1.18605000e-19
 97.20 1.20615000e-19
 97.30 1.25179000e-19
 97.40 1.42224000e-19
 97.50 1.61823000e-19
 97.60 1.81423000e-19
 97.70 2.01027000e-19
 97.80 2.20642000e-19
 97.90 2.40294000e-19
 98.00 2.60047000e-19
 98.10 2.80075000e-19
 98.20 3.00857000e-19
 98.30 3.23449000e-19
 98.40 3.50115000e-19
 98.50 3.85389000e-19
 98.60 4.37286000e-19
 98.70 5.22282000e-19
 98.80 6.64765000e-19
 98.90 9.01635000e-19
 99.00 1.28230000e-18
 99.10 1.86497000e-18
 99.20 2.71073000e-18
 99.30 3.87842000e-18
 99.40 5.35142000e-18
 99.50 7.07093000e-18
 99.60 8.91464000e-18
 99.70 1.06998000e-17
 99.80 1.22104000e-17
 99.90 1.32399000e-17
100.00 1.36397000e-17
100.10 1.33561000e-17
100.20 1.24450000e-17
100.30 1.10568000e-17
100.40 9.39895000e-18
100.50 7.68766000e-18
100.60 6.10494000e-18
100.70 4.77206000e-18
100.80 3.74371000e-18
100.90 3.01917000e-18
101.00 2.56262000e-18
101.10 2.32393000e-18
101.20 2.25390000e-18
101.30 2.31146000e-18
101.40 2.46375000e-18
101.50 2.68211000e-18
101.60 2.94357000e-18
101.70 3.24699000e-18
101.80 3.52744000e-18
101.90 3.74742000e-18
102.00 3.88421000e-18
102.10 3.92870000e-18
102.20 3.88741000e-18
102.30 3.78051000e-18
102.40 3.63673000e-18
102.50 3.48676000e-18
102.60 3.35750000e-18
102.70 3.26862000e-18
102.80 3.23212000e-18
102.90 3.25412000e-18
103.00 3.33763000e-18
103.10 3.48479000e-18
103.20 3.69747000e-18
103.30 3.98153000e-18
103.40 4.36113000e-18
103.50 4.79419000e-18
103.60 5.25135000e-18
103.70 5.69937000e-18
103.80 6.09972000e-18
103.90 6.41587000e-18
104.00 6.62149000e-18
104.10 6.70697000e-18
104.20 6.68183000e-18
104.30 6.57224000e-18
104.40 6.41443000e-18
104.50 6.24628000e-18
104.60 6.09980000e-18
104.70 5.99642000e-18
104.80 5.94578000e-18
104.90 5.94750000e-18
105.00 5.99341000e-18
105.10 6.06761000e-18
105.20 6.16578000e-18
105.30 6.28047000e-18
105.40 6.40521000e-18
105.50 6.53566000e-18
105.60 6.66914000e-18
105.70 6.80411000e-18
105.80 6.93979000e-18
105.90 7.07577000e-18
106.00 7.21188000e-18
106.10 7.34804000e-18
106.20 7.48421000e-18
106.30 7.62040000e-18
106.40 7.75658000e-18
106.50 7.89276000e-18
106.60 8.02895000e-18
106.70 8.16513000e-18
106.80 8.30132000e-18
106.90 8.42714000e-18
107.00 8.49079000e-18
107.10 8.54408000e-18
107.20 8.59737000e-18
107.30 8.65066000e-18
107.40 8.70395000e-18
107.50 8.75725000e-18
107.60 8.81057000e-18
107.70 8.86394000e-18
107.80 8.91742000e-18
107.90 8.97117000e-18
108.00 9.02549000e-18
108.10 9.08097000e-18
108.20 9.13863000e-18
108.30 9.20012000e-18
108.40 9.26792000e-18
108.50 9.34532000e-18
108.60 9.43621000e-18
108.70 9.54442000e-18
108.80 9.65110000e-18
108.90 9.64890000e-18
109.00 9.64163000e-18
109.10 9.64264000e-18
109.20 9.63970000e-18
109.30 9.61836000e-18
109.40 9.56477000e-18
109.50 9.46896000e-18
109.60 9.32727000e-18
109.70 9.15925000e-18
109.80 9.05439000e-18
109.90 8.94702000e-18
110.00 8.83569000e-18
110.10 8.73265000e-18
110.20 8.64605000e-18
110.30 8.57958000e-18
110.40 8.53310000e-18
110.50 8.50394000e-18
110.60 8.48827000e-18
110.70 8.48220000e-18
110.80 8.48243000e-18
110.90 8.48650000e-18
111.00 8.49275000e-18
111.10 8.50015000e-18
111.20 8.50813000e-18
111.30 8.51637000e-18
111.40 8.52473000e-18
111.50 8.53314000e-18
111.60 8.54157000e-18
111.70 8.53709000e-18
111.80 8.45518000e-18
111.90 8.36036000e-18
112.00 8.26554000e-18
112.10 8.17071000e-18
112.20 8.07589000e-18
112.30 7.98107000e-18
112.40 7.88625000e-18
112.50 7.79143000e-18
112.60 7.69661000e-18
112.70 7.60179000e-18
112.80 7.50696000e-18
112.90 7.41214000e-18
113.00 7.31732000e-18
113.10 7.22250000e-18
113.20 7.12768000e-18
113.30 7.03286000e-18
113.40 6.93804000e-18
113.50 6.84321000e-18
113.60 6.74839000e-18
113.70 6.65357000e-18
113.80 6.55922000e-18
113.90 6.46768000e-18
114.00 6.37661000e-18
114.10 6.28554000e-18
114.20 6.19446000e-18
114.30 6.10339000e-18
114.40 6.01232000e-18
114.50 5.92125000e-18
114.60 5.83018000e-18
114.70 5.73911000e-18
114.80 5.64804000e-18
114.90 5.55696000e-18
115.00 5.46589000e-18
115.10 5.37482000e-18
115.20 5.28375000e-18
115.30 5.19268000e-18
115.40 5.10161000e-18
115.50 5.01054000e-18
115.60 4.91946000e-18
115.70 4.82839000e-18
115.80 4.73732000e-18
115.90 4.65041000e-18
116.00 4.58847000e-18
116.10 4.53068000e-18
116.20 4.47290000e-18
116.30 4.41511000e-18
116.40 4.35733000e-18
116.50 4.29956000e-18
116.60 4.24179000e-18
116.70 4.18405000e-18
116.80 4.12638000e-18
116.90 4.06883000e-18
117.00 4.01156000e-18
117.10 3.95480000e-18
117.20 3.89894000e-18
117.30 3.84456000e-18
117.40 3.79243000e-18
117.50 3.74347000e-18
117.60 3.69857000e-18
117.70 3.65835000e-18
117.80 3.62286000e-18
117.90 3.59123000e-18
118.00 3.56154000e-18
118.10 3.53520000e-18
118.20 3.53027000e-18
118.30 3.52207000e-18
118.40 3.50395000e-18
118.50 3.47508000e-18
118.60 3.43630000e-18
118.70 3.38996000e-18
118.80 3.33930000e-18
118.90 3.28772000e-18
119.00 3.23808000e-18
119.10 3.19229000e-18
119.20 3.15123000e-18
119.30 3.11485000e-18
119.40 3.08254000e-18
119.50 3.05339000e-18
119.60 3.02650000e-18
119.70 3.00108000e-18
119.80 2.97657000e-18
119.90 2.95258000e-18
120.00 2.92888000e-18
120.10 2.90539000e-18
120.20 2.88216000e-18
120.30 2.85941000e-18
120.40 2.83774000e-18
120.50 2.81833000e-18
120.60 2.80348000e-18
120.70 2.79724000e-18
120.80 2.80617000e-18
120.90 2.83999000e-18
121.00 2.91175000e-18
121.10 3.03680000e-18
121.20 3.23026000e-18
121.30 3.50268000e-18
121.40 3.85464000e-18
121.50 4.27236000e-18
121.60 4.72740000e-18
121.70 5.16762000e-18
121.80 5.53512000e-18
121.90 5.77526000e-18
122.00 5.84857000e-18
122.10 5.74064000e-18
122.20 5.46589000e-18
122.30 5.06378000e-18
122.40 4.58894000e-18
122.50 4.09851000e-18
122.60 3.64076000e-18
122.70 3.24800000e-18
122.80 2.93635000e-18
122.90 2.71310000e-18
123.00 2.55983000e-18
123.10 2.45985000e-18
123.20 2.39781000e-18
123.30 2.36066000e-18
123.40 2.33869000e-18
123.50 2.32531000e-18
123.60 2.31650000e-18
123.70 2.30995000e-18
123.80 2.30446000e-18
123.90 2.29943000e-18
124.00 2.29495000e-18
124.10 2.29205000e-18
124.20 2.28934000e-18
124.30 2.28663000e-18
124.40 2.28393000e-18
124.50 2.28123000e-18
124.60 2.27853000e-18
124.70 2.27583000e-18
124.80 2.27313000e-18
124.90 2.27043000e-18
125.00 1.69365620e-18
125.10 1.69939193e-18
125.20 1.70509435e-18
125.30 1.71040089e-18
125.40 1.71545244e-18
125.50 1.72012037e-18
125.60 1.72441004e-18
125.70 1.72866008e-18
125.80 1.73233565e-18
125.90 1.73591354e-18
126.00 1.73932908e-18
126.10 1.74228208e-18
126.20 1.74500087e-18
126.30 1.74749795e-18
126.40 1.74957515e-18
126.50 1.75139930e-18
126.60 1.75285731e-18
126.70 1.75400849e-18
126.80 1.75476906e-18
126.90 1.75518346e-18
127.00 1.75533681e-18
127.10 1.75540568e-18
127.20 1.75501628e-18
127.30 1.75437665e-18
127.40 1.75340857e-18
127.50 1.75197406e-18
127.60 1.75038461e-18
127.70 1.74826154e-18
127.80 1.74581833e-18
127.90 1.74332992e-18
128.00 1.74040520e-18
128.10 1.73728014e-18
128.20 1.73388885e-18
128.30 1.73022045e-18
128.40 1.72615374e-18
128.50 1.72185461e-18
128.60 1.71728571e-18
128.70 1.71226712e-18
128.80 1.70705020e-18
128.90 1.70154860e-18
129.00 1.69588548e-18
129.10 1.68996321e-18
129.20 1.68376600e-18
129.30 1.67742091e-18
129.40 1.67082758e-18
129.50 1.66393582e-18
129.60 1.65664054e-18
129.70 1.64915490e-18
129.80 1.64169366e-18
129.90 1.63380371e-18
130.00 1.62589775e-18
130.10 1.61760870e-18
130.20 1.60927586e-18
130.30 1.60081699e-18
130.40 1.59213873e-18
130.50 1.58335310e-18
130.60 1.57424734e-18
130.70 1.56503189e-18
130.80 1.55569951e-18
130.90 1.54625558e-18
131.00 1.53665516e-18
131.10 1.52701039e-18
131.20 1.51721224e-18
131.30 1.50724082e-18
131.40 1.49738639e-18
131.50 1.48721049e-18
131.60 1.47707049e-18
131.70 1.46713375e-18
131.80 1.45682054e-18
131.90 1.44662845e-18
132.00 1.43634046e-18
132.10 1.42600272e-18
132.20 1.41565821e-18
132.30 1.40527931e-18
132.40 1.39485701e-18
132.50 1.38429566e-18
132.60 1.37407946e-18
132.70 1.36392271e-18
132.80 1.35362682e-18
132.90 1.34367483e-18
133.00 1.33357014e-18
133.10 1.32347069e-18
133.20 1.31345466e-18
133.30 1.30350118e-18
133.40 1.29362956e-18
133.50 1.28376360e-18
133.60 1.27395687e-18
133.70 1.26438366e-18
133.80 1.25505930e-18
133.90 1.24598684e-18
134.00 1.23687986e-18
134.10 1.22811055e-18
134.20 1.21932554e-18
134.30 1.21066380e-18
134.40 1.20209917e-18
134.50 1.19370173e-18
134.60 1.18546954e-18
134.70 1.17746948e-18
134.80 1.16950252e-18
134.90 1.16187803e-18
135.00 1.15472993e-18
135.10 1.14774618e-18
135.20 1.14088046e-18
135.30 1.13446463e-18
135.40 1.12808118e-18
135.50 1.12195557e-18
135.60 1.11586052e-18
135.70 1.11008809e-18
135.80 1.10461115e-18
135.90 1.09929972e-18
136.00 1.09419457e-18
136.10 1.08939296e-18
136.20 1.08533613e-18
136.30 1.08142821e-18
136.40 1.07764636e-18
136.50 1.07450471e-18
136.60 1.07137154e-18
136.70 1.06860740e-18
136.80 1.06586046e-18
136.90 1.06347393e-18
137.00 1.06146991e-18
137.10 1.05959382e-18
137.20 1.05806558e-18
137.30 1.05682849e-18
137.40 1.05631726e-18
137.50 1.05630073e-18
137.60 1.05634971e-18
137.70 1.05701191e-18
137.80 1.05772689e-18
137.90 1.05880401e-18
138.00 1.06010157e-18
138.10 1.06156969e-18
138.20 1.06333256e-18
138.30 1.06552417e-18
138.40 1.06782787e-18
138.50 1.07061819e-18
138.60 1.07424545e-18
138.70 1.07833447e-18
138.80 1.08242071e-18
138.90 1.08725220e-18
139.00 1.09190422e-18
139.10 1.09729497e-18
139.20 1.10273521e-18
139.30 1.10847730e-18
139.40 1.11425112e-18
139.50 1.12046517e-18
139.60 1.12702465e-18
139.70 1.13369973e-18
139.80 1.14154616e-18
139.90 1.14958928e-18
140.00 1.15775430e-18
140.10 1.16674296e-18
140.20 1.17574788e-18
140.30 1.18506861e-18
140.40 1.19476721e-18
140.50 1.20456137e-18
140.60 1.21438381e-18
140.70 1.22468179e-18
140.80 1.23510442e-18
140.90 1.24583583e-18
141.00 1.25721394e-18
141.10 1.26906682e-18
141.20 1.28141383e-18
141.30 1.29394708e-18
141.40 1.30711344e-18
141.50 1.31998950e-18
141.60 1.33360935e-18
141.70 1.34718481e-18
141.80 1.36106337e-18
141.90 1.37473801e-18
142.00 1.38878400e-18
142.10 1.40299719e-18
142.20 1.41744953e-18
142.30 1.43284957e-18
142.40 1.44870984e-18
142.50 1.46425024e-18
142.60 1.48088826e-18
142.70 1.49729366e-18
142.80 1.51385286e-18
142.90 1.53082355e-18
143.00 1.54773853e-18
143.10 1.56482852e-18
143.20 1.58193107e-18
143.30 1.59896893e-18
143.40 1.61598700e-18
143.50 1.63356958e-18
143.60 1.65176811e-18
143.70 1.67086490e-18
143.80 1.68947423e-18
143.90 1.70874696e-18
144.00 1.72763901e-18
144.10 1.74691542e-18
144.20 1.76632561e-18
144.30 1.78565495e-18
144.40 1.80507660e-18
144.50 1.82458729e-18
144.60 1.84352375e-18
144.70 1.86270590e-18
144.80 1.88312872e-18
144.90 1.90274055e-18
145.00 1.92326018e-18
145.10 1.94370808e-18
145.20 1.96469567e-18
145.30 1.98505954e-18
145.40 2.00609572e-18
145.50 2.02674673e-18
145.60 2.04738771e-18
145.70 2.06796101e-18
145.80 2.08859069e-18
145.90 2.10835568e-18
146.00 2.12868446e-18
146.10 2.14965660e-18
146.20 2.17055948e-18
146.30 2.19102280e-18
146.40 2.21218674e-18
146.50 2.23341886e-18
146.60 2.25447576e-18
146.70 2.27550047e-18
146.80 2.29627230e-18
146.90 2.31689776e-18
147.00 2.33746621e-18
147.10 2.35780370e-18
147.20 2.37778395e-18
147.30 2.39721802e-18
147.40 2.41758256e-18
147.50 2.43803460e-18
147.60 2.45772237e-18
147.70 2.47807950e-18
147.80 2.49825080e-18
147.90 2.51815141e-18
148.00 2.53804370e-18
148.10 2.55751510e-18
148.20 2.57687597e-18
148.30 2.59591206e-18
148.40 2.61480647e-18
148.50 2.63329388e-18
148.60 2.65087950e-18
148.70 2.66941998e-18
148.80 2.68749469e-18
148.90 2.70539527e-18
149.00 2.72310883e-18
149.10 2.74127890e-18
149.20 2.75864990e-18
149.30 2.77602620e-18
149.40 2.79302678e-18
149.50 2.80968592e-18
149.60 2.82601717e-18
149.70 2.84200960e-18
149.80 2.85758160e-18
149.90 2.87272480e-18
150.00 2.88749302e-18
150.10 2.90261241e-18
150.20 2.91689748e-18
150.30 2.93118099e-18
150.40 2.94531367e-18
150.50 2.95925120e-18
150.60 2.97278809e-18
150.70 2.98600695e-18
150.80 2.99885351e-18
150.90 3.01125534e-18
151.00 3.02322126e-18
151.10 3.03474005e-18
151.20 3.04571056e-18
151.30 3.05693108e-18
151.40 3.06654938e-18
151.50 3.07698427e-18
151.60 3.08651068e-18
151.70 3.09621195e-18
151.80 3.10481353e-18
151.90 3.11392551e-18
152.00 3.12229029e-18
152.10 3.13005497e-18
152.20 3.13769215e-18
152.30 3.14472667e-18
152.40 3.15123437e-18
152.50 3.15722708e-18
152.60 3.16306549e-18
152.70 3.16833588e-18
152.80 3.17278900e-18
152.90 3.17722121e-18
153.00 3.18125461e-18
153.10 3.18485538e-18
153.20 3.18776379e-18
153.30 3.19098680e-18
153.40 3.19333850e-18
153.50 3.19525046e-18
153.60 3.19678641e-18
153.70 3.19781898e-18
153.80 3.19830891e-18
153.90 3.19833594e-18
154.00 3.19819535e-18
154.10 3.19752883e-18
154.20 3.19557903e-18
154.30 3.19398961e-18
154.40 3.19185101e-18
154.50 3.18922668e-18
154.60 3.18594164e-18
154.70 3.18299805e-18
154.80 3.17922784e-18
154.90 3.17500067e-18
155.00 3.17040052e-18
155.10 3.16521364e-18
155.20 3.15960815e-18
155.30 3.15373859e-18
155.40 3.14718616e-18
155.50 3.14056451e-18
155.60 3.13251711e-18
155.70 3.12495030e-18
155.80 3.11664861e-18
155.90 3.10825377e-18
156.00 3.09916624e-18
156.10 3.09002010e-18
156.20 3.08035473e-18
156.30 3.07027693e-18
156.40 3.05989372e-18
156.50 3.04904865e-18
156.60 3.03772243e-18
156.70 3.02628450e-18
156.80 3.01423918e-18
156.90 3.00196860e-18
157.00 2.98914035e-18
157.10 2.97572702e-18
157.20 2.96205481e-18
157.30 2.94836931e-18
157.40 2.93426659e-18
157.50 2.91956170e-18
157.60 2.90508363e-18
157.70 2.88998076e-18
157.80 2.87455850e-18
157.90 2.85896716e-18
158.00 2.84294692e-18
158.10 2.82681228e-18
158.20 2.81023898e-18
158.30 2.79339149e-18
158.40 2.77628510e-18
158.50 2.75848931e-18
158.60 2.74081075e-18
158.70 2.72268688e-18
158.80 2.70464906e-18
158.90 2.68604464e-18
159.00 2.66753645e-18
159.10 2.64879269e-18
159.20 2.62967555e-18
159.30 2.61047229e-18
159.40 2.59106037e-18
159.50 2.57152768e-18
159.60 2.55175111e-18
159.70 2.53175530e-18
159.80 2.51160486e-18
159.90 2.49124703e-18
160.00 2.47042748e-18
160.10 2.44954209e-18
160.20 2.42882743e-18
160.30 2.40791924e-18
160.40 2.38662258e-18
160.50 2.36568249e-18
160.60 2.34445149e-18
160.70 2.32306470e-18
160.80 2.30164709e-18
160.90 2.28020683e-18
161.00 2.25862867e-18
161.10 2.23693869e-18
161.20 2.21518286e-18
161.30 2.19341839e-18
161.40 2.17109187e-18
161.50 2.14931030e-18
161.60 2.12717664e-18
161.70 2.10521907e-18
161.80 2.08317161e-18
161.90 2.06095983e-18
162.00 2.03907831e-18
162.10 2.01704370e-18
162.20 1.99498589e-18
162.30 1.97303302e-18
162.40 1.95103110e-18
162.50 1.92907335e-18
162.60 1.90709455e-18
162.70 1.88518621e-18
162.80 1.86328567e-18
162.90 1.84109397e-18
163.00 1.81929636e-18
163.10 1.79739424e-18
163.20 1.77580913e-18
163.30 1.75416000e-18
163.40 1.73244136e-18
163.50 1.71107710e-18
163.60 1.68968228e-18
163.70 1.66838958e-18
163.80 1.64718302e-18
163.90 1.62609124e-18
164.00 1.60505624e-18
164.10 1.58411397e-18
164.20 1.56331760e-18
164.30 1.54258401e-18
164.40 1.52173177e-18
164.50 1.50132427e-18
164.60 1.48076723e-18
164.70 1.46062796e-18
164.80 1.44049159e-18
164.90 1.42038853e-18
165.00 1.40064229e-18
165.10 1.38096813e-18
165.20 1.36139767e-18
165.30 1.34201389e-18
165.40 1.32276379e-18
165.50 1.30364486e-18
165.60 1.28468648e-18
165.70 1.26586885e-18
165.80 1.24720191e-18
165.90 1.22849669e-18
166.00 1.21021793e-18
166.10 1.19194065e-18
166.20 1.17394447e-18
166.30 1.15607602e-18
166.40 1.13831686e-18
166.50 1.12084760e-18
166.60 1.10353386e-18
166.70 1.08632311e-18
166.80 1.06935893e-18
166.90 1.05254957e-18
167.00 1.03587854e-18
167.10 1.01941517e-18
167.20 1.00309554e-18
167.30 9.86954178e-19
167.40 9.70963307e-19
167.50 9.55090004e-19
167.60 9.39492032e-19
167.70 9.24002659e-19
167.80 9.08762480e-19
167.90 8.93652775e-19
168.00 8.78747736e-19
168.10 8.64086664e-19
168.20 8.49532257e-19
168.30 8.35182853e-19
168.40 8.21006218e-19
168.50 8.07005970e-19
168.60 7.93176457e-19
168.70 7.79516641e-19
168.80 7.66036891e-19
168.90 7.52730640e-19
169.00 7.39505887e-19
169.10 7.26579675e-19
169.20 7.13728090e-19
169.30 7.01151989e-19
169.40 6.88705917e-19
169.50 6.76385869e-19
169.60 6.64339348e-19
169.70 6.52423486e-19
169.80 6.40669894e-19
169.90 6.29068228e-19
170.00 6.17657918e-19
170.10 6.06391341e-19
170.20 5.95296462e-19
170.30 5.84359014e-19
170.40 5.73583523e-19
170.50 5.62953225e-19
170.60 5.52454747e-19
170.70 5.42161974e-19
170.80 5.31995109e-19
170.90 5.22020294e-19
171.00 5.12192890e-19
171.10 5.02480827e-19
171.20 4.92979727e-19
171.30 4.83610833e-19
171.40 4.74367786e-19
171.50 4.65292778e-19
171.60 4.56361562e-19
171.70 4.47560755e-19
171.80 4.38910403e-19
171.90 4.30396083e-19
172.00 4.22022141e-19
172.10 4.13752224e-19
172.20 4.05651932e-19
172.30 3.97691080e-19
172.40 3.89844372e-19
172.50 3.82149483e-19
172.60 3.74586186e-19
172.70 3.67125165e-19
172.80 3.59829292e-19
172.90 3.52642496e-19
173.00 3.45574441e-19
173.10 3.38638879e-19
173.20 3.31822164e-19
173.30 3.25116664e-19
173.40 3.18534321e-19
173.50 3.12065934e-19
173.60 3.05711916e-19
173.70 2.99451472e-19
173.80 2.93323099e-19
173.90 2.87308689e-19
174.00 2.81389263e-19
174.10 2.75590402e-19
174.20 2.69898350e-19
174.30 2.64292910e-19
174.40 2.58813113e-19
174.50 2.53427838e-19
174.60 2.48139990e-19
174.70 2.42945024e-19
174.80 2.37853600e-19
174.90 2.32851756e-19
175.00 2.27947572e-19
175.10 2.23134112e-19
175.20 2.18412447e-19
175.30 2.13766404e-19
175.40 2.09222814e-19
175.50 2.04768385e-19
175.60 2.00391347e-19
175.70 1.96107882e-19
175.80 1.91904956e-19
175.90 1.87772613e-19
176.00 1.83738197e-19
176.10 1.79775620e-19
176.20 1.75889790e-19
176.30 1.72079459e-19
176.40 1.68343958e-19
176.50 1.64682520e-19
176.60 1.61093791e-19
176.70 1.57576845e-19
176.80 1.54129411e-19
176.90 1.50748525e-19
177.00 1.47431183e-19
177.10 1.44188763e-19
177.20 1.41006017e-19
177.30 1.37897449e-19
177.40 1.34846061e-19
177.50 1.31854133e-19
177.60 1.28927798e-19
177.70 1.26063008e-19
177.80 1.23251920e-19
177.90 1.20500229e-19
178.00 1.17806202e-19
178.10 1.15167802e-19
178.20 1.12582163e-19
178.30 1.10052020e-19
178.40 1.07573979e-19
178.50 1.05148017e-19
178.60 1.02766274e-19
178.70 1.00444016e-19
178.80 9.81651573e-20
178.90 9.59386488e-20
179.00 9.37581047e-20
179.10 9.16242301e-20
179.20 8.95307548e-20
179.30 8.74885058e-20
179.40 8.54881559e-20
179.50 8.35279305e-20
179.60 8.16107604e-20
179.70 7.97347601e-20
179.80 7.78993031e-20
179.90 7.61035701e-20
180.00 7.43469440e-20
180.10 7.26281907e-20
180.20 7.09460408e-20
180.30 6.92991171e-20
180.40 6.76917982e-20
180.50 6.61157004e-20
180.60 6.45783619e-20
180.70 6.30733010e-20
180.80 6.15988611e-20
180.90 6.01591307e-20
181.00 5.87520884e-20
181.10 5.73746881e-20
181.20 5.60276868e-20
181.30 5.47100363e-20
181.40 5.34227050e-20
181.50 5.21635917e-20
181.60 5.09327426e-20
181.70 4.97296814e-20
181.80 4.85534673e-20
181.90 4.74019346e-20
182.00 4.62781567e-20
182.10 4.51798155e-20
182.20 4.41051622e-20
182.30 4.30565209e-20
182.40 4.20307980e-20
182.50 4.10269576e-20
182.60 4.00469634e-20
182.70 3.90896943e-20
182.80 3.81537224e-20
182.90 3.72389023e-20
183.00 3.63446765e-20
183.10 3.54715505e-20
183.20 3.46181986e-20
183.30 3.37845614e-20
183.40 3.29703117e-20
183.50 3.21747113e-20
183.60 3.13965449e-20
183.70 3.06374044e-20
183.80 2.98958397e-20
183.90 2.91708568e-20
184.00 2.84636467e-20
184.10 2.77724494e-20
184.20 2.70963571e-20
184.30 2.64367555e-20
184.40 2.57928186e-20
184.50 2.51634383e-20
184.60 2.45487867e-20
184.70 2.39485464e-20
184.80 2.33624324e-20
184.90 2.27901241e-20
185.00 2.22314041e-20
185.10 2.16859089e-20
185.20 2.11532571e-20
185.30 2.06326731e-20
185.40 2.01250455e-20
185.50 1.96293041e-20
185.60 1.91450363e-20
185.70 1.86728142e-20
185.80 1.82115060e-20
185.90 1.77610735e-20
186.00 1.73209077e-20
186.10 1.68918415e-20
186.20 1.64728668e-20
186.30 1.60636538e-20
186.40 1.56643801e-20
186.50 1.52747442e-20
186.60 1.48945240e-20
186.70 1.45233489e-20
186.80 1.41612615e-20
186.90 1.38079081e-20
187.00 1.34629451e-20
187.10 1.31261661e-20
187.20 1.27978733e-20
187.30 1.24772097e-20
187.40 1.21645232e-20
187.50 1.18593191e-20
187.60 1.15614966e-20
187.70 1.12705876e-20
187.80 1.09871343e-20
187.90 1.07104820e-20
188.00 1.04404549e-20
188.10 1.01771055e-20
188.20 9.92011608e-21
188.30 9.66952986e-21
188.40 9.42505621e-21
188.50 9.18661441e-21
188.60 8.95404188e-21
188.70 8.72716835e-21
188.80 8.50567563e-21
188.90 8.28990608e-21
189.00 8.07935433e-21
189.10 7.87387195e-21
189.20 7.67359889e-21
189.30 7.47817733e-21
189.40 7.28742712e-21
189.50 7.10150272e-21
189.60 6.92023188e-21
189.70 6.74341618e-21
189.80 6.57092352e-21
189.90 6.40276583e-21
190.00 6.23881832e-21
190.10 6.07897242e-21
190.20 5.92310488e-21
190.30 5.77114226e-21
190.40 5.62297974e-21
190.50 5.47848323e-21
190.60 5.33755420e-21
190.70 5.20023547e-21
190.80 5.06625786e-21
190.90 4.93569141e-21
191.00 4.80836657e-21
191.10 4.68422818e-21
191.20 4.56312618e-21
191.30 4.44513337e-21
191.40 4.33012054e-21
191.50 4.21797389e-21
191.60 4.10866551e-21
191.70 4.00212562e-21
191.80 3.89829636e-21
191.90 3.79710418e-21
192.00 3.69846347e-21
192.10 3.60234511e-21
192.20 3.50865491e-21
192.30 3.41727357e-21
192.40 3.32828441e-21
192.50 3.24152580e-21
192.60 3.15693426e-21
192.70 3.07453473e-21
192.80 2.99419672e-21
192.90 2.91589418e-21
193.00 2.83954250e-21
193.10 2.76519075e-21
193.20 2.69272640e-21
193.30 2.62210613e-21
193.40 2.55329360e-21
193.50 2.48624674e-21
193.60 2.42092448e-21
193.70 2.35727991e-21
193.80 2.29526006e-21
193.90 2.23483771e-21
194.00 2.17595850e-21
194.10 2.11855311e-21
194.20 2.06265233e-21
194.30 2.00816925e-21
194.40 1.95506491e-21
194.50 1.90334298e-21
194.60 1.94908156e-21
194.70 1.80390881e-21
194.80 1.75597641e-21
194.90 1.70986328e-21
195.00 1.66397795e-21
195.10 1.61982659e-21
195.20 1.57680213e-21
195.30 1.63726436e-21
195.40 1.49392321e-21
195.50 1.45393785e-21
195.60 1.41519158e-21
195.70 1.42376931e-21
195.80 1.35009644e-21
195.90 1.48291381e-21
196.00 1.50599521e-21
196.10 1.24915940e-21
196.20 1.41045794e-21
196.30 1.38839592e-21
196.40 1.13974614e-21
196.50 1.42031595e-21
196.60 1.41713575e-21
196.70 1.54408843e-21
196.80 1.02234988e-21
196.90 9.94475181e-22
197.00 1.15104745e-21
197.10 9.42115180e-22
197.20 9.16330387e-22
197.30 9.31225190e-22
197.40 8.68932413e-22
197.50 8.44375698e-22
197.60 8.20965566e-22
197.70 7.99001914e-22
197.80 7.77175588e-22
197.90 7.56090242e-22
198.00 7.35569571e-22
198.10 7.30917937e-22
198.20 6.96220346e-22
198.30 6.77351846e-22
198.40 6.58888002e-22
198.50 6.40982344e-22
198.60 6.23558691e-22
198.70 6.06554297e-22
198.80 5.90320434e-22
198.90 6.18160777e-22
199.00 5.58882014e-22
199.10 7.79818143e-22
199.20 5.35515376e-22
199.30 5.63036881e-22
199.40 5.07897079e-22
199.50 4.87896828e-22
199.60 9.77807909e-22
199.70 1.77825578e-21
199.80 1.07788970e-21
199.90 7.94431145e-22
200.00 4.31750855e-22
200.10 1.21570661e-21
200.20 4.83715131e-22
200.30 3.99634941e-22
200.40 3.80030516e-22
200.50 3.71292261e-22
200.60 3.65580274e-22
200.70 3.52602967e-22
200.80 4.91904713e-22
200.90 3.29250930e-22
201.00 4.56297865e-22
201.10 4.50200008e-22
201.20 3.02716715e-22
201.30 2.95241274e-22
201.40 2.86082101e-22
201.50 2.78012588e-22
201.60 2.84451660e-22
201.70 2.62845444e-22
201.80 2.56734578e-22
201.90 2.48443659e-22
202.00 2.41487464e-22
202.10 2.34756225e-22
202.20 2.28225623e-22
202.30 2.22511205e-22
202.40 2.15678469e-22
202.50 2.16469178e-22
202.60 2.03795543e-22
202.70 2.00173775e-22
202.80 1.93978962e-22
202.90 1.87178884e-22
203.00 1.84075111e-22
203.10 1.76885732e-22
203.20 1.71883070e-22
203.30 1.67070499e-22
203.40 1.62368344e-22
203.50 1.57805628e-22
203.60 1.53367673e-22
203.70 1.49053320e-22
203.80 1.44855447e-22
203.90 1.40964236e-22
204.00 3.24579027e-22
204.10 1.33158064e-22
204.20 1.35615161e-22
204.30 1.46147957e-22
204.40 6.11392831e-21
204.50 3.75855514e-21
204.60 1.86032688e-22
204.70 1.79622331e-22
204.80 1.54481782e-22
204.90 1.15273599e-22
205.00 2.12534632e-21
205.10 2.84223522e-21
205.20 1.88130522e-22
205.30 9.59040096e-23
205.40 1.02476637e-22
205.50 4.48617305e-22
205.60 1.12872850e-22
205.70 8.52682981e-23
205.80 9.65899511e-23
205.90 8.04736351e-23
206.00 7.84296167e-23
206.10 2.71252690e-22
206.20 7.80386452e-22
206.30 7.23898998e-23
206.40 6.87731262e-23
206.50 6.95983509e-23
206.60 6.47321218e-23
206.70 3.22027623e-22
206.80 6.10607766e-23
206.90 5.92031226e-23
207.00 1.18708257e-22
207.10 5.70185528e-23
207.20 5.42745796e-23
207.30 5.29935682e-23
207.40 5.11477193e-23
207.50 4.96713094e-23
207.60 4.86486833e-23
207.70 4.69074509e-23
207.80 5.39708405e-23
207.90 4.42004100e-23
208.00 4.29042925e-23
208.10 4.16502677e-23
208.20 4.04427653e-23
208.30 3.92701985e-23
208.40 3.81351175e-23
208.50 3.88945648e-23
208.60 3.59703372e-23
208.70 3.75320482e-23
208.80 3.38823168e-23
208.90 3.28946323e-23
209.00 3.19351705e-23
209.10 3.10030231e-23
209.20 3.01085740e-23
209.30 3.03020296e-23
209.40 2.95607942e-23
209.50 2.78194316e-23
209.60 2.67307026e-23
209.70 2.59445618e-23
209.80 2.51841107e-23
209.90 2.44453849e-23
210.00 2.37276647e-23
210.10 2.30306419e-23
210.20 2.23980745e-23
210.30 2.17411763e-23
210.40 2.10581348e-23
210.50 2.04373676e-23
210.60 1.98343936e-23
210.70 1.92488343e-23
210.80 1.39819241e-21
210.90 1.62895360e-21
211.00 2.17153833e-23
211.10 6.27649735e-23
211.20 8.92332117e-21
211.30 4.84312840e-22
211.40 6.14263492e-20
211.50 1.20793092e-20
211.60 8.53208724e-21
211.70 4.30693296e-22
211.80 1.88106320e-20
211.90 5.66328390e-21
212.00 1.64112758e-22
212.10 1.78479184e-20
212.20 6.59034986e-22
212.30 6.49645245e-23
212.40 2.64670537e-22
212.50 9.31500805e-21
212.60 2.21651583e-21
212.70 9.22995959e-22
212.80 3.97678732e-23
212.90 2.59446790e-21
213.00 8.17614263e-22
213.10 3.86833943e-22
213.20 1.43732811e-23
213.30 1.86407716e-21
213.40 1.19303088e-23
213.50 1.22892215e-23
213.60 3.11179207e-22
213.70 3.57652220e-22
213.80 9.51402642e-24
213.90 7.84495635e-24
214.00 2.10416136e-22
214.10 3.29250223e-22
214.20 6.31454125e-23
214.30 7.93708154e-24
214.40 6.42670723e-24
214.50 6.19419153e-24
214.60 6.17442798e-24
214.70 4.15030395e-23
214.80 5.66216735e-24
214.90 2.28264021e-23
215.00 5.20361171e-24
215.10 7.21689070e-24
215.20 4.97003105e-24
215.30 1.12511895e-23
215.40 3.96967503e-23
215.50 4.47598068e-24
215.60 4.38298801e-24
215.70 4.18791219e-24
215.80 4.06334407e-24
215.90 3.94287311e-24
216.00 3.82806431e-24
216.10 3.79631025e-24
216.20 3.73796788e-24
216.30 5.08564112e-24
216.40 4.98354681e-24
216.50 3.26331157e-24
216.60 3.16312944e-24
216.70 3.12294720e-24
216.80 2.97150371e-24
216.90 2.87992848e-24
217.00 2.79070237e-24
217.10 2.70808051e-24
217.20 2.62142109e-24
217.30 2.57974059e-24
217.40 2.46123341e-24
217.50 2.39099663e-24
217.60 2.31070299e-24
217.70 2.23890955e-24
217.80 2.17088143e-24
217.90 2.10206166e-24
218.00 2.03659468e-24
218.10 1.97320642e-24
218.20 1.91165327e-24
218.30 1.85204551e-24
218.40 1.79427850e-24
218.50 1.73827909e-24
218.60 1.68401207e-24
218.70 1.63140668e-24
218.80 1.58039246e-24
218.90 1.53307692e-24
219.00 1.48305146e-24
219.10 1.43660163e-24
219.20 1.39193990e-24
219.30 1.34795478e-24
219.40 1.30566592e-24
219.50 1.54882506e-24
219.60 3.11484821e-21
219.70 2.97723435e-21
219.80 7.64587083e-24
219.90 1.30338189e-24
220.00 3.74133081e-20
220.10 1.18743315e-21
220.20 7.53222129e-20
220.30 5.14385599e-20
220.40 1.58050740e-21
220.50 1.68360642e-21
220.60 9.21184672e-22
220.70 1.35887355e-19
220.80 6.66391048e-20
220.90 7.73269433e-20
221.00 1.23513801e-20
221.10 1.43990449e-19
221.20 2.44810766e-20
221.30 1.80418049e-20
221.40 9.61201246e-22
221.50 1.26422623e-21
221.60 3.24697831e-22
221.70 8.68694447e-21
221.80 1.41660756e-20
221.90 1.32895196e-20
222.00 8.37291002e-21
222.10 7.93404224e-23
222.20 7.10609900e-21
222.30 5.62380891e-23
222.40 2.77856417e-21
222.50 3.94182446e-22
222.60 9.80134427e-22
222.70 1.75186476e-22
222.80 3.67898975e-23
222.90 8.83485453e-24
223.00 7.70230339e-24
223.10 7.88194478e-24
223.20 4.03043888e-24
223.30 7.43170119e-23
223.40 1.16326655e-24
223.50 1.45397557e-24
223.60 2.44220948e-22
223.70 9.56607630e-25
223.80 1.01496660e-24
223.90 8.92774856e-25
224.00 3.25380615e-25
224.10 5.18193496e-24
224.20 1.93119381e-23
224.30 1.08478175e-22
224.40 2.02250664e-23
224.50 3.25367805e-25
224.60 3.80494860e-24
224.70 2.33396781e-25
224.80 2.23837273e-25
224.90 8.72396002e-25
225.00 2.18194057e-25
225.10 3.43905908e-24
225.20 2.25798887e-25
225.30 1.94762144e-25
225.40 8.16775089e-25
225.50 1.76320914e-25
225.60 1.70475114e-25
225.70 1.69231931e-25
225.80 1.60210747e-25
225.90 6.91933597e-25
226.00 6.62229174e-25
226.10 1.92053684e-25
226.20 1.39568838e-25
226.30 1.34780650e-25
226.40 1.30229938e-25
226.50 1.25944136e-25
226.60 1.23214407e-25
226.70 1.17918351e-25
226.80 1.14193553e-25
226.90 1.10186557e-25
227.00 1.06418098e-25
227.10 1.02827190e-25
227.20 9.93937858e-26
227.30 9.60540629e-26
227.40 9.28479921e-26
227.50 8.98955775e-26
227.60 8.67595206e-26
227.70 9.26015471e-26
227.80 8.10495713e-26
227.90 7.93279094e-26
228.00 7.77850856e-26
228.10 7.32297427e-26
228.20 7.06998924e-26
228.30 6.83034090e-26
228.40 6.62378205e-26
228.50 6.40351845e-26
228.60 8.69145204e-26
228.70 8.15297068e-26
228.80 5.79954432e-26
228.90 6.67029045e-26
229.00 5.38831059e-26
229.10 5.23283889e-26
229.20 6.03865521e-26
229.30 4.86114729e-26
229.40 5.30660772e-26
229.50 4.52618606e-26
229.60 4.76323049e-26
229.70 4.24703204e-26
229.80 4.08266841e-26
229.90 4.77708597e-26
230.00 4.02328209e-26
230.10 3.67921853e-26
230.20 3.54870252e-26
230.30 1.18039937e-22
230.40 1.34437388e-20
230.50 9.05528645e-22
230.60 1.16209773e-21
230.70 6.22236540e-21
230.80 1.17065251e-25
230.90 1.51851151e-25
231.00 6.94452459e-21
231.10 9.58037740e-20
231.20 2.33394238e-19
231.30 1.39842789e-19
231.40 2.56699473e-21
231.50 4.40091274e-19
231.60 2.10930598e-20
231.70 3.50310111e-19
231.80 1.63140672e-19
231.90 2.31825353e-21
232.00 3.22058203e-19
232.10 3.86938836e-19
232.20 1.99791774e-21
232.30 8.81130794e-22
232.40 3.09053310e-21
232.50 2.32640473e-19
232.60 2.25066601e-19
232.70 2.29992280e-22
232.80 2.50590042e-20
232.90 5.02484121e-21
233.00 8.92131807e-22
233.10 3.28051175e-21
233.20 9.95162139e-23
233.30 2.57160778e-20
233.40 2.78270179e-20
233.50 1.53386962e-23
233.60 5.84695571e-22
233.70 6.88558919e-23
233.80 2.54037824e-23
233.90 7.09656977e-22
234.00 4.55213125e-23
234.10 5.72993002e-24
234.20 8.79751357e-24
234.30 5.69083608e-24
234.40 5.22393383e-24
234.50 7.55069534e-22
234.60 6.35944863e-24
234.70 8.03364648e-22
234.80 3.26851710e-24
234.90 3.91156224e-25
235.00 7.63756176e-27
235.10 1.37556803e-24
235.20 3.53602584e-24
235.30 3.25756624e-24
235.40 3.21497124e-23
235.50 3.28946884e-25
235.60 1.53851270e-26
235.70 5.37843314e-27
235.80 2.26255282e-24
235.90 3.75621033e-25
236.00 4.91672268e-23
236.10 8.18199472e-26
236.20 5.61968745e-26
236.30 3.98411731e-27
236.40 3.83976343e-27
236.50 3.85937758e-27
236.60 6.41502436e-26
236.70 2.17355366e-24
236.80 5.87482262e-24
236.90 5.08891630e-24
237.00 8.19898554e-27
237.10 2.96251775e-27
237.20 2.85433051e-27
237.30 2.76135984e-27
237.40 7.82798168e-25
237.50 3.19854096e-25
237.60 6.88173706e-27
237.70 3.66635819e-25
237.80 3.60944034e-27
237.90 2.19759634e-27
238.00 2.11669751e-27
238.10 2.03910141e-27
238.20 1.98795013e-27
238.30 2.46174235e-25
238.40 5.64348467e-25
238.50 2.26833037e-27
238.60 4.58858344e-26
238.70 1.68995751e-27
238.80 1.84911328e-27
238.90 1.81487209e-27
239.00 1.64110189e-27
239.10 3.66187942e-27
239.20 6.61027786e-26
239.30 1.02470994e-25
239.40 2.05573269e-27
239.50 1.88670785e-26
239.60 1.77267793e-27
239.70 1.18798714e-27
239.80 5.35700106e-26
239.90 9.40832706e-26
240.00 3.47975195e-26
240.10 1.58037825e-27
240.20 2.11785788e-26
240.30 1.06591237e-27
240.40 1.41813244e-27
240.50 3.69626127e-26
240.60 9.89198942e-28
240.70 7.82682525e-28
240.80 1.70660020e-26
240.90 8.42194239e-28
241.00 6.80214915e-28
241.10 6.72519347e-28
241.20 6.85633412e-28
241.30 6.31009989e-28
241.40 5.99355775e-28
241.50 5.92496695e-28
241.60 1.86666576e-27
241.70 3.89049730e-27
241.80 1.61009080e-27
241.90 4.79809397e-28
242.00 4.59118344e-28
242.10 4.40778535e-28
242.20 4.23211130e-28
242.30 1.16579379e-27
242.40 3.91770873e-28
242.50 3.75737161e-28
242.60 4.94229741e-28
242.70 4.78726105e-28
242.80 3.33976579e-28
242.90 4.84100257e-28
243.00 3.08290685e-28
243.10 2.96212586e-28
243.20 2.84711967e-28
243.30 2.73957844e-28
243.40 1.78743725e-20
243.50 4.05527145e-20
243.60 4.16383307e-20
243.70 2.85014442e-22
243.80 3.02454929e-20
243.90 1.47657130e-21
244.00 2.16045855e-22
244.10 2.99456208e-20
244.20 4.93815474e-25
244.30 1.28627909e-27
244.40 4.14956601e-21
244.50 2.48579862e-18
244.60 7.16270269e-21
244.70 3.91369699e-21
244.80 1.25970862e-18
244.90 2.27715977e-20
245.00 6.44826459e-18
245.10 1.78056576e-18
245.20 5.04025285e-20
245.30 2.15018434e-18
245.40 4.65537516e-19
245.50 7.95810935e-21
245.60 2.90832923e-18
245.70 4.47091209e-18
245.80 1.69168086e-18
245.90 4.89426309e-19
246.00 6.25605681e-19
246.10 6.01856424e-19
246.20 6.27151331e-21
246.30 2.43098362e-19
246.40 5.52064817e-21
246.50 2.84141575e-21
246.60 2.29968118e-21
246.70 5.51660395e-21
246.80 1.27663610e-19
246.90 4.43637543e-22
247.00 1.05389183e-21
247.10 7.39100674e-22
247.20 5.00935997e-23
247.30 4.98267501e-22
247.40 2.39606058e-20
247.50 3.35134608e-20
247.60 1.42966192e-22
247.70 3.15721054e-23
247.80 6.79522498e-21
247.90 1.35188664e-20
248.00 6.88022659e-21
248.10 8.18429696e-24
248.20 1.32895634e-23
248.30 2.62827873e-23
248.40 2.75012917e-23
248.50 1.93767024e-21
248.60 2.19963063e-23
248.70 5.40106034e-24
248.80 8.93529653e-22
248.90 2.46371200e-24
249.00 7.80217235e-22
249.10 7.84611189e-24
249.20 8.63853360e-22
249.30 7.62718032e-27
249.40 5.63903041e-25
249.50 2.88189203e-24
249.60 7.24766728e-25
249.70 1.58904883e-22
249.80 8.86833751e-25
249.90 3.59192447e-27
250.00 7.67853008e-28
250.10 9.13068019e-26
250.20 2.23167539e-25
250.30 2.56173035e-26
250.40 2.99802109e-23
250.50 1.22552986e-24
250.60 2.96141831e-23
250.70 8.32828376e-29
250.80 2.68546523e-29
250.90 2.52412499e-24
251.00 5.48772212e-24
251.10 6.11063580e-26
251.20 4.62817508e-24
251.30 4.51028712e-24
251.40 1.09975374e-24
251.50 1.26291890e-29
251.60 9.25398303e-30
251.70 2.74002395e-28
251.80 1.72209315e-24
251.90 1.00737047e-26
252.00 4.68033577e-27
252.10 7.69529404e-26
252.20 2.16463178e-26
252.30 1.53500435e-25
252.40 5.02174904e-25
252.50 1.69214787e-25
252.60 1.44417193e-25
252.70 9.05387834e-28
252.80 5.05116130e-26
252.90 1.56345365e-27
253.00 1.99382713e-25
253.10 6.67079971e-25
253.20 1.62410184e-25
253.30 1.68604711e-27
253.40 4.14854370e-27
253.50 2.04093511e-25
253.60 1.38571433e-25
253.70 4.00333130e-28
253.80 8.29838497e-26
253.90 9.51065675e-27
254.00 3.22774038e-26
254.10 1.61057209e-28
254.20 3.19756445e-27
254.30 8.61933293e-28
254.40 1.93294948e-28
254.50 1.94954238e-28
254.60 6.54322546e-27
254.70 1.95717623e-29
254.80 4.12057375e-29
254.90 7.88926700e-29
255.00 4.14754524e-29
255.10 2.55061249e-27
255.20 6.55912282e-30
255.30 1.62318288e-27
255.40 1.71623234e-27
255.50 3.86294079e-30
255.60 3.13529662e-30
255.70 3.14491730e-29
255.80 7.81611189e-30
255.90 1.92847018e-30
256.00 4.08123814e-28
256.10 2.43970269e-30
256.20 1.06110115e-30
256.30 2.12824356e-28
256.40 3.08230894e-30
256.50 1.58801166e-30
256.60 1.27165526e-30
256.70 1.21963641e-30
256.80 1.00005335e-30
256.90 6.68425590e-31
257.00 2.42558642e-29
257.10 3.95344834e-29
257.20 1.31761848e-30
257.30 5.97213449e-31
257.40 5.22694547e-30
257.50 4.90321832e-31
257.60 4.56291301e-31
257.70 4.22823823e-31
257.80 3.97517514e-31
257.90 4.17955419e-30
258.00 3.61910050e-31
258.10 3.54145852e-31
258.20 3.69449281e-31
258.30 2.89874467e-31
258.40 2.70707032e-31
258.50 2.53237492e-31
258.60 2.36656948e-31
258.70 2.20931985e-31
258.80 2.06030327e-31
258.90 1.91920805e-31
259.00 1.78573161e-31
259.10 1.65958065e-31
259.20 1.54047023e-31
259.30 1.96723420e-23
259.40 7.43084766e-20
259.50 3.76509945e-20
259.60 1.22759493e-21
259.70 6.67360074e-20
259.80 1.76753248e-19
259.90 1.26798161e-19
260.00 7.66671285e-22
260.10 1.73922039e-21
260.20 2.27685011e-22
260.30 5.12857275e-22
260.40 8.10189819e-21
260.50 8.49374503e-23
260.60 1.60611421e-31
260.70 2.36393504e-28
260.80 7.08981735e-21
260.90 2.19391387e-19
261.00 1.30395578e-17
261.10 4.83714411e-18
261.20 4.73875320e-19
261.30 1.69625401e-20
261.40 3.42726549e-19
261.50 2.86596928e-19
261.60 1.04232751e-17
261.70 9.18737532e-18
261.80 4.22627307e-20
261.90 6.31792785e-19
262.00 3.96083256e-18
262.10 4.39122114e-20
262.20 1.12005272e-19
262.30 8.63471940e-18
262.40 5.22170892e-19
262.50 5.71347438e-18
262.60 2.36197265e-20
262.70 4.73321643e-18
262.80 2.69328699e-18
262.90 2.51583417e-18
263.00 1.29886662e-18
263.10 4.32076068e-21
263.20 2.09876821e-18
263.30 3.68992344e-20
263.40 2.23372061e-18
263.50 3.09836382e-21
263.60 5.80822905e-21
263.70 3.01048977e-20
263.80 4.39240932e-21
263.90 1.19694660e-20
264.00 1.55674051e-21
264.10 2.73108130e-21
264.20 3.01875765e-21
264.30 1.68994172e-19
264.40 9.97938789e-20
264.50 5.73291222e-20
264.60 7.47034653e-22
264.70 6.15432654e-20
264.80 1.72473472e-22
264.90 2.98214598e-20
265.00 2.49994077e-23
265.10 5.37925494e-22
265.20 1.93381005e-20
265.30 1.93398340e-22
265.40 1.96651106e-22
265.50 1.42644336e-22
265.60 3.47624529e-24
265.70 4.01288361e-24
265.80 4.85675265e-21
265.90 3.21970704e-23
266.00 4.03024221e-21
266.10 1.11007528e-23
266.20 6.16281330e-22
266.30 1.04110977e-24
266.40 5.12278086e-22
266.50 1.93101431e-21
266.60 1.61622443e-23
266.70 5.02514448e-22
266.80 5.58097158e-22
266.90 1.03292774e-22
267.00 1.10918006e-22
267.10 2.70104757e-25
267.20 8.74399506e-23
267.30 3.49277856e-25
267.40 1.76336610e-22
267.50 4.76142165e-25
267.60 2.45193474e-25
267.70 9.13256799e-25
267.80 7.83769860e-23
267.90 1.46634447e-23
268.00 1.19784570e-23
268.10 8.14234206e-26
268.20 7.15927944e-25
268.30 2.75248117e-25
268.40 7.85786670e-23
268.50 8.85870444e-25
268.60 1.33815640e-25
268.70 6.36417438e-25
268.80 2.41328919e-24
268.90 5.65539069e-26
269.00 9.62360943e-25
269.10 4.89918681e-27
269.20 7.81899525e-24
269.30 3.03133266e-24
269.40 5.25224286e-24
269.50 2.54101593e-25
269.60 9.16168014e-25
269.70 3.96274692e-25
269.80 1.55638274e-26
269.90 5.19077316e-25
270.00 5.75123751e-28
270.10 6.31807251e-28
270.20 4.48070742e-25
270.30 4.14515337e-25
270.40 1.57714668e-27
270.50 2.45145441e-26
270.60 1.25608201e-25
270.70 5.55259935e-26
270.80 2.51377403e-28
270.90 4.25234001e-28
271.00 1.73649750e-28
271.10 1.44301718e-28
271.20 4.43273151e-26
271.30 3.18721041e-26
271.40 1.02026838e-27
271.50 3.32816292e-26
271.60 4.35138312e-29
271.70 1.62772677e-28
271.80 1.79508853e-28
271.90 1.82997750e-27
272.00 4.24228605e-30
272.10 2.36383883e-27
272.20 2.34153199e-27
272.30 5.39254053e-29
272.40 4.19689602e-27
272.50 1.76566814e-29
272.60 6.66743814e-30
272.70 4.38948654e-28
272.80 1.05956923e-30
272.90 1.16680389e-27
273.00 1.74933499e-30
273.10 5.29238871e-32
273.20 1.08701855e-31
273.30 1.85587942e-28
273.40 4.59446214e-31
273.50 3.90523554e-28
273.60 6.06143628e-28
273.70 1.09171824e-30
273.80 1.28494313e-31
273.90 3.17132361e-32
274.00 2.00696597e-32
274.10 7.89795126e-32
274.20 2.03389590e-32
274.30 5.12631093e-32
274.40 7.63564839e-32
274.50 2.38158362e-32
274.60 2.36076535e-29
274.70 2.56840363e-29
274.80 1.49764780e-32
274.90 2.23498735e-30
275.00 2.42257388e-33
275.10 1.84074694e-33
275.20 1.49545232e-32
275.30 5.46704955e-34
275.40 7.95066240e-34
275.50 4.36220778e-32
275.60 2.02285881e-33
275.70 3.74763663e-34
275.80 0.00000000e+00
275.90 0.00000000e+00
276.00 0.00000000e+00
276.10 0.00000000e+00
276.20 0.00000000e+00
276.30 0.00000000e+00
276.40 0.00000000e+00
276.50 0.00000000e+00
276.60 0.00000000e+00
276.70 0.00000000e+00
276.80 0.00000000e+00
276.90 0.00000000e+00
277.00 0.00000000e+00
277.10 0.00000000e+00
277.20 0.00000000e+00
277.30 0.00000000e+00
277.40 0.00000000e+00
277.50 0.00000000e+00
277.60 0.00000000e+00
277.70 0.00000000e+00
277.80 0.00000000e+00
277.90 0.00000000e+00
278.00 0.00000000e+00
278.10 0.00000000e+00
278.20 0.00000000e+00
278.30 0.00000000e+00
278.40 0.00000000e+00
278.50 0.00000000e+00
278.60 3.30391578e-28
278.70 3.17439501e-27
278.80 1.44446264e-26
278.90 5.39284740e-27
279.00 1.49474183e-27
279.10 4.06574322e-29
279.20 2.92262518e-30
279.30 1.18029362e-30
279.40 1.39491254e-29
279.50 4.29927921e-32
279.60 4.75943259e-22
279.70 4.09427484e-21
279.80 9.11197452e-22
279.90 8.35014627e-23
280.00 0.00000000e+00
280.10 0.00000000e+00
280.20 0.00000000e+00
280.30 0.00000000e+00
280.40 0.00000000e+00
280.50 0.00000000e+00
280.60 0.00000000e+00
280.70 0.00000000e+00
280.80 0.00000000e+00
280.90 0.00000000e+00
281.00 0.00000000e+00
281.10 1.43251176e-21
281.20 7.68682320e-20
281.30 1.68587606e-20
281.40 6.43146990e-21
281.50 4.40077176e-22
281.60 6.11865561e-20
281.70 7.43488863e-21
281.80 4.43838621e-20
281.90 1.59934994e-21
282.00 9.91167036e-25
282.10 4.24057122e-25
282.20 6.15750144e-26
282.30 2.86805842e-26
282.40 2.40686027e-25
282.50 1.91009281e-26
282.60 4.93663785e-26
282.70 1.48446243e-23
282.80 1.47115172e-26
282.90 3.28448619e-22
283.00 4.50480096e-21
283.10 1.28421753e-19
283.20 1.30363151e-21
283.30 1.56726770e-18
283.40 6.87925461e-21
283.50 1.73781132e-18
283.60 1.04211371e-20
283.70 1.72702823e-19
283.80 8.69390328e-22
283.90 1.98735947e-22
284.00 1.20269633e-19
284.10 1.08939101e-22
284.20 3.12538032e-22
284.30 8.35334340e-23
284.40 7.39170405e-21
284.50 7.27110024e-21
284.60 1.15340634e-23
284.70 1.21084473e-21
284.80 8.06850648e-24
284.90 6.38684109e-24
285.00 1.36331722e-24
285.10 2.54306004e-23
285.20 5.27505240e-25
285.30 1.42382510e-24
285.40 1.72525763e-19
285.50 2.24610902e-19
285.60 2.60596525e-19
285.70 2.62957258e-19
285.80 2.18550380e-22
285.90 8.97224172e-21
286.00 3.99443685e-23
286.10 9.86702475e-22
286.20 9.72102663e-23
286.30 1.74697934e-20
286.40 1.78371517e-20
286.50 9.74253249e-23
286.60 1.47019477e-23
286.70 2.07926553e-21
286.80 1.39072583e-23
286.90 1.74734935e-23
287.00 2.04232684e-23
287.10 3.80579367e-21
287.20 1.11851751e-24
287.30 4.20891669e-22
287.40 4.85996460e-25
287.50 1.91847958e-24
287.60 1.11824071e-21
287.70 4.94496114e-22
287.80 1.19242114e-21
287.90 7.21337934e-25
288.00 7.72205175e-23
288.10 4.46431533e-25
288.20 1.25423632e-22
288.30 1.07486779e-22
288.40 7.99671240e-23
288.50 3.11563077e-23
288.60 5.03548908e-22
288.70 2.90075761e-23
288.80 3.64488180e-23
288.90 5.55922518e-22
289.00 9.67521678e-24
289.10 9.67006305e-24
289.20 9.63162846e-24
289.30 1.40918443e-25
289.40 7.97293221e-24
289.50 1.58685981e-22
289.60 1.48661903e-24
289.70 4.17995556e-23
289.80 1.01060545e-24
289.90 4.62695940e-24
290.00 5.27885664e-26
290.10 1.67672012e-24
290.20 5.55198549e-25
290.30 3.13085295e-27
290.40 1.14725513e-23
290.50 3.37432347e-23
290.60 1.15657137e-23
290.70 6.75122577e-24
290.80 1.12472506e-23
290.90 2.01949588e-26
291.00 6.35073039e-26
291.10 2.13476123e-25
291.20 2.24249983e-28
291.30 2.35582156e-25
291.40 3.41990133e-26
291.50 1.45734044e-24
291.60 1.22869129e-25
291.70 1.32889880e-24
291.80 9.53247168e-28
291.90 3.49884219e-28
292.00 6.54360558e-26
292.10 1.49656518e-27
292.20 2.85615995e-29
292.30 5.70455190e-27
292.40 2.42177853e-28
292.50 3.44629422e-27
292.60 2.79810793e-25
292.70 3.29556510e-27
292.80 3.20593797e-27
292.90 8.20368168e-27
293.00 3.22175511e-30
293.10 7.29914235e-30
293.20 8.97631878e-30
293.30 2.18955939e-30
293.40 2.11286089e-30
293.50 1.16651538e-26
293.60 9.43823646e-29
293.70 2.38333591e-27
293.80 1.02550540e-26
293.90 2.34303260e-28
294.00 3.57745161e-31
294.10 4.64198349e-32
294.20 2.37710820e-28
294.30 8.18844153e-31
294.40 1.28645888e-30
294.50 2.89177922e-30
294.60 4.30152579e-30
294.70 1.15076628e-30
294.80 8.53613610e-28
294.90 1.31830471e-30
295.00 8.44776684e-28
295.10 5.57231061e-32
295.20 2.82874480e-31
295.30 4.15690416e-29
295.40 5.70715386e-32
295.50 1.06901097e-33
295.60 1.28461479e-34
295.70 4.48179441e-34
295.80 3.22561821e-29
295.90 1.90668646e-31
296.00 2.97412586e-31
296.10 9.52147026e-32
296.20 2.46264844e-31
296.30 3.27742230e-33
296.40 0.00000000e+00
296.50 0.00000000e+00
296.60 0.00000000e+00
296.70 0.00000000e+00
296.80 0.00000000e+00
296.90 0.00000000e+00
297.00 2.21377713e-33
297.10 1.67074181e-32
297.20 4.63877463e-32
297.30 2.97512135e-33
297.40 0.00000000e+00
297.50 0.00000000e+00
297.60 0.00000000e+00
297.70 0.00000000e+00
297.80 0.00000000e+00
297.90 0.00000000e+00
298.00 0.00000000e+00
298.10 0.00000000e+00
298.20 0.00000000e+00
298.30 0.00000000e+00
298.40 0.00000000e+00
298.50 0.00000000e+00
298.60 0.00000000e+00
298.70 0.00000000e+00
298.80 0.00000000e+00
298.90 0.00000000e+00
299.00 0.00000000e+00
299.10 0.00000000e+00
299.20 0.00000000e+00
299.30 0.00000000e+00
299.40 0.00000000e+00
299.50 0.00000000e+00
299.60 0.00000000e+00
299.70 0.00000000e+00
299.80 0.00000000e+00
299.90 0.00000000e+00
300.00 0.00000000e+00
300.10 0.00000000e+00
300.20 0.00000000e+00
300.30 0.00000000e+00
300.40 0.00000000e+00
300.50 0.00000000e+00
300.60 0.00000000e+00
300.70 0.00000000e+00
300.80 0.00000000e+00
300.90 0.00000000e+00
301.00 0.00000000e+00
301.10 0.00000000e+00
301.20 0.00000000e+00
301.30 0.00000000e+00
301.40 0.00000000e+00
301.50 0.00000000e+00
301.60 0.00000000e+00
301.70 0.00000000e+00
301.80 0.00000000e+00
301.90 0.00000000e+00
302.00 0.00000000e+00
302.10 0.00000000e+00
302.20 0.00000000e+00
302.30 1.07632467e-27
302.40 5.15070021e-27
302.50 4.81828590e-24
302.60 3.01110336e-27
302.70 8.31340743e-28
302.80 0.00000000e+00
302.90 0.00000000e+00
303.00 0.00000000e+00
303.10 0.00000000e+00
303.20 0.00000000e+00
303.30 0.00000000e+00
303.40 0.00000000e+00
303.50 0.00000000e+00
303.60 0.00000000e+00
303.70 0.00000000e+00
303.80 0.00000000e+00
303.90 0.00000000e+00
304.00 0.00000000e+00
304.10 0.00000000e+00
304.20 0.00000000e+00
304.30 0.00000000e+00
304.40 0.00000000e+00
304.50 0.00000000e+00
304.60 0.00000000e+00
304.70 0.00000000e+00
304.80 0.00000000e+00
304.90 0.00000000e+00
305.00 0.00000000e+00
305.10 0.00000000e+00
305.20 0.00000000e+00
305.30 0.00000000e+00
305.40 0.00000000e+00
305.50 0.00000000e+00
305.60 0.00000000e+00
305.70 0.00000000e+00
305.80 0.00000000e+00
305.90 0.00000000e+00
306.00 0.00000000e+00
306.10 0.00000000e+00
306.20 0.00000000e+00
306.30 0.00000000e+00
306.40 0.00000000e+00
306.50 0.00000000e+00
306.60 5.46505614e-28
306.70 5.56304733e-27
306.80 5.79768756e-27
306.90 1.59936445e-26
307.00 6.02689755e-26
307.10 1.13707740e-25
307.20 8.56076526e-27
307.30 0.00000000e+00
307.40 0.00000000e+00
307.50 0.00000000e+00
307.60 0.00000000e+00
307.70 0.00000000e+00
307.80 0.00000000e+00
307.90 0.00000000e+00
308.00 0.00000000e+00
308.10 0.00000000e+00
308.20 0.00000000e+00
308.30 0.00000000e+00
308.40 0.00000000e+00
308.50 0.00000000e+00
308.60 0.00000000e+00
308.70 0.00000000e+00
308.80 0.00000000e+00
308.90 0.00000000e+00
309.00 0.00000000e+00
309.10 0.00000000e+00
309.20 0.00000000e+00
309.30 0.00000000e+00
309.40 0.00000000e+00
309.50 0.00000000e+00
309.60 0.00000000e+00
309.70 0.00000000e+00
309.80 0.00000000e+00
309.90 0.00000000e+00
310.00 0.00000000e+00
310.10 0.00000000e+00
310.20 0.00000000e+00
310.30 0.00000000e+00
310.40 0.00000000e+00
310.50 1.22416612e-29
310.60 1.41838575e-28
310.70 1.06583597e-28
310.80 1.12948380e-29
310.90 0.00000000e+00
311.00 0.00000000e+00
311.10 0.00000000e+00
311.20 0.00000000e+00
311.30 0.00000000e+00
311.40 2.20390308e-29
311.50 9.27000231e-29
311.60 1.00465911e-25
311.70 4.98834171e-27
311.80 9.89080002e-27
311.90 4.92596781e-26
312.00 2.06228426e-27
312.10 6.22560918e-27
312.20 1.18965554e-27
312.30 1.56081532e-25
312.40 1.44597434e-25
312.50 7.94839365e-28
312.60 8.84635845e-28
312.70 4.52785686e-32
312.80 4.21015518e-28
312.90 1.02860358e-28
313.00 6.34571931e-28
313.10 1.00910056e-25
313.20 1.34620967e-28
313.30 1.85118606e-34
313.40 0.00000000e+00
313.50 0.00000000e+00
313.60 0.00000000e+00
313.70 0.00000000e+00
313.80 0.00000000e+00
313.90 0.00000000e+00
314.00 0.00000000e+00
314.10 0.00000000e+00
314.20 0.00000000e+00
314.30 2.03944123e-30
314.40 6.33346065e-30
314.50 1.50023473e-28
314.60 1.57615254e-28
314.70 1.02058837e-28
314.80 5.02452672e-26
314.90 1.94832010e-28
315.00 4.15366602e-28
315.10 2.16681649e-25
315.20 3.43423248e-28
315.30 1.15151161e-25
315.40 6.54199107e-27
315.50 8.02832262e-29
315.60 1.53917125e-29
315.70 3.83942667e-30
315.80 7.75041474e-29
315.90 1.87455536e-30
316.00 1.15009298e-30
316.10 8.09509011e-31
316.20 4.24168902e-30
316.30 1.71599935e-31
316.40 1.89945580e-31
316.50 2.11365382e-30
316.60 2.05022438e-29
316.70 2.84116902e-32
316.80 4.29993213e-33
316.90 1.24037788e-28
317.00 9.71345562e-28
317.10 2.45634340e-26
317.20 1.92426370e-28
317.30 1.02183209e-28
317.40 2.13483179e-29
317.50 5.48268141e-28
317.60 2.65781599e-26
317.70 3.19077033e-29
317.80 1.85972807e-30
317.90 2.81528447e-31
318.00 5.78562954e-30
318.10 1.04852164e-28
318.20 4.85813409e-29
318.30 6.79664373e-30
318.40 6.59973939e-31
318.50 5.96550624e-32
318.60 3.67207578e-31
318.70 1.41207201e-29
318.80 9.32878629e-31
318.90 5.85574047e-28
319.00 3.77295726e-31
319.10 1.96043523e-31
319.20 2.73740371e-32
319.30 3.21588573e-29
319.40 1.39519606e-31
319.50 1.29431457e-31
319.60 6.77830308e-29
319.70 6.36131538e-32
319.80 3.83308374e-32
319.90 7.48397796e-33
320.00 3.78932448e-30
320.10 1.25717058e-32
320.20 1.12647450e-32
320.30 1.90871953e-31
320.40 2.08260473e-32
320.50 3.26993883e-33
320.60 0.00000000e+00
320.70 0.00000000e+00
320.80 0.00000000e+00
320.90 2.98364000e-34
321.00 1.27665368e-33
321.10 5.69097621e-29
321.20 1.29093251e-31
321.30 5.62484574e-29
321.40 4.42400973e-32
321.50 1.20708415e-32
321.60 0.00000000e+00
321.70 0.00000000e+00
321.80 0.00000000e+00
321.90 0.00000000e+00
322.00 1.44074392e-33
322.10 3.92486391e-33
322.20 3.46382856e-32
322.30 6.27349941e-32
322.40 4.63823841e-33
322.50 1.59374262e-33
322.60 0.00000000e+00
322.70 0.00000000e+00
322.80 0.00000000e+00
322.90 0.00000000e+00
323.00 0.00000000e+00
323.10 5.41352970e-34
323.20 4.09103346e-33
323.30 1.40279462e-32
323.40 7.54662090e-34
323.50 2.49797018e-34
323.60 0.00000000e+00
323.70 0.00000000e+00
323.80 0.00000000e+00
323.90 0.00000000e+00
324.00 0.00000000e+00
324.10 0.00000000e+00
324.20 0.00000000e+00
324.30 0.00000000e+00
324.40 0.00000000e+00
324.50 0.00000000e+00
324.60 0.00000000e+00
324.70 0.00000000e+00
324.80 0.00000000e+00
324.90 0.00000000e+00
325.00 0.00000000e+00
325.10 0.00000000e+00
325.20 0.00000000e+00
325.30 0.00000000e+00
325.40 0.00000000e+00
325.50 0.00000000e+00
325.60 0.00000000e+00
325.70 0.00000000e+00
325.80 0.00000000e+00
325.90 0.00000000e+00
326.00 0.00000000e+00
326.10 0.00000000e+00
326.20 0.00000000e+00
326.30 0.00000000e+00
326.40 0.00000000e+00
326.50 0.00000000e+00
326.60 0.00000000e+00
326.70 0.00000000e+00
326.80 0.00000000e+00
326.90 0.00000000e+00
327.00 0.00000000e+00
327.10 0.00000000e+00
327.20 0.00000000e+00
327.30 0.00000000e+00
327.40 0.00000000e+00
327.50 0.00000000e+00
327.60 0.00000000e+00
327.70 0.00000000e+00
327.80 0.00000000e+00
327.90 0.00000000e+00
328.00 0.00000000e+00
328.10 0.00000000e+00
328.20 0.00000000e+00
328.30 0.00000000e+00
328.40 0.00000000e+00
328.50 0.00000000e+00
328.60 0.00000000e+00
328.70 0.00000000e+00
328.80 0.00000000e+00
328.90 0.00000000e+00
329.00 0.00000000e+00
329.10 0.00000000e+00
329.20 0.00000000e+00
329.30 0.00000000e+00
329.40 0.00000000e+00
329.50 0.00000000e+00
329.60 0.00000000e+00
329.70 0.00000000e+00
329.80 0.00000000e+00
329.90 0.00000000e+00
330.00 0.00000000e+00
330.10 0.00000000e+00
330.20 0.00000000e+00
330.30 0.00000000e+00
330.40 0.00000000e+00
330.50 0.00000000e+00
330.60 0.00000000e+00
330.70 0.00000000e+00
330.80 0.00000000e+00
330.90 0.00000000e+00
331.00 0.00000000e+00
331.10 0.00000000e+00
331.20 0.00000000e+00
331.30 0.00000000e+00
331.40 0.00000000e+00
331.50 0.00000000e+00
331.60 0.00000000e+00
331.70 0.00000000e+00
331.80 0.00000000e+00
331.90 0.00000000e+00
332.00 0.00000000e+00
332.10 0.00000000e+00
332.20 0.00000000e+00
332.30 0.00000000e+00
332.40 0.00000000e+00
332.50 0.00000000e+00
332.60 0.00000000e+00
332.70 0.00000000e+00
332.80 0.00000000e+00
332.90 0.00000000e+00
333.00 0.00000000e+00
333.10 0.00000000e+00
333.20 0.00000000e+00
333.30 0.00000000e+00
333.40 0.00000000e+00
333.50 0.00000000e+00
333.60 0.00000000e+00
333.70 0.00000000e+00
333.80 0.00000000e+00
333.90 0.00000000e+00
334.00 0.00000000e+00
334.10 0.00000000e+00
334.20 0.00000000e+00
334.30 0.00000000e+00
334.40 0.00000000e+00
334.50 0.00000000e+00
334.60 0.00000000e+00
334.70 0.00000000e+00
334.80 0.00000000e+00
334.90 0.00000000e+00
335.00 0.00000000e+00
335.10 0.00000000e+00
335.20 0.00000000e+00
335.30 0.00000000e+00
335.40 0.00000000e+00
335.50 0.00000000e+00
335.60 0.00000000e+00
335.70 0.00000000e+00
335.80 0.00000000e+00
335.90 0.00000000e+00
336.00 0.00000000e+00
336.10 0.00000000e+00
336.20 0.00000000e+00
336.30 0.00000000e+00
336.40 0.00000000e+00
336.50 0.00000000e+00
336.60 0.00000000e+00
336.70 0.00000000e+00
336.80 0.00000000e+00
336.90 0.00000000e+00
337.00 0.00000000e+00
337.10 0.00000000e+00
337.20 0.00000000e+00
337.30 0.00000000e+00
337.40 0.00000000e+00
337.50 0.00000000e+00
337.60 0.00000000e+00
337.70 0.00000000e+00
337.80 0.00000000e+00
337.90 0.00000000e+00
338.00 0.00000000e+00
338.10 0.00000000e+00
338.20 0.00000000e+00
338.30 0.00000000e+00
338.40 0.00000000e+00
338.50 0.00000000e+00
338.60 0.00000000e+00
338.70 0.00000000e+00
338.80 0.00000000e+00
338.90 0.00000000e+00
339.00 0.00000000e+00
339.10 0.00000000e+00
339.20 0.00000000e+00
339.30 0.00000000e+00
339.40 0.00000000e+00
339.50 0.00000000e+00
339.60 0.00000000e+00
339.70 0.00000000e+00
339.80 0.00000000e+00
339.90 0.00000000e+00
340.00 0.00000000e+00
340.10 0.00000000e+00
340.20 0.00000000e+00
340.30 0.00000000e+00
340.40 0.00000000e+00
340.50 0.00000000e+00
340.60 0.00000000e+00
340.70 0.00000000e+00
340.80 0.00000000e+00
340.90 0.00000000e+00
341.00 0.00000000e+00
341.10 0.00000000e+00
341.20 0.00000000e+00
341.30 0.00000000e+00
341.40 0.00000000e+00
341.50 0.00000000e+00
341.60 0.00000000e+00
341.70 0.00000000e+00
341.80 0.00000000e+00
341.90 0.00000000e+00
342.00 0.00000000e+00
342.10 0.00000000e+00
342.20 0.00000000e+00
342.30 0.00000000e+00
342.40 0.00000000e+00
342.50 0.00000000e+00
342.60 0.00000000e+00
342.70 0.00000000e+00
342.80 0.00000000e+00
342.90 0.00000000e+00
343.00 0.00000000e+00
343.10 0.00000000e+00
343.20 0.00000000e+00
343.30 0.00000000e+00
343.40 0.00000000e+00
343.50 0.00000000e+00
343.60 0.00000000e+00
343.70 0.00000000e+00
343.80 0.00000000e+00
343.90 0.00000000e+00
344.00 0.00000000e+00
344.10 0.00000000e+00
344.20 0.00000000e+00
344.30 0.00000000e+00
344.40 0.00000000e+00
344.50 0.00000000e+00
344.60 0.00000000e+00
344.70 0.00000000e+00
344.80 0.00000000e+00
344.90 0.00000000e+00
345.00 0.00000000e+00
345.10 0.00000000e+00
345.20 0.00000000e+00
345.30 0.00000000e+00
345.40 0.00000000e+00
345.50 0.00000000e+00
345.60 0.00000000e+00
345.70 0.00000000e+00
345.80 0.00000000e+00
345.90 0.00000000e+00
346.00 0.00000000e+00
346.10 0.00000000e+00
346.20 0.00000000e+00
346.30 0.00000000e+00
346.40 0.00000000e+00
346.50 0.00000000e+00
346.60 0.00000000e+00
346.70 0.00000000e+00
346.80 0.00000000e+00
346.90 0.00000000e+00
347.00 0.00000000e+00
347.10 0.00000000e+00
347.20 0.00000000e+00
347.30 0.00000000e+00
347.40 0.00000000e+00
347.50 0.00000000e+00
347.60 0.00000000e+00
347.70 0.00000000e+00
347.80 0.00000000e+00
347.90 0.00000000e+00
348.00 0.00000000e+00
348.10 0.00000000e+00
348.20 0.00000000e+00
348.30 0.00000000e+00
348.40 0.00000000e+00
348.50 0.00000000e+00
348.60 0.00000000e+00
348.70 0.00000000e+00
348.80 0.00000000e+00
348.90 0.00000000e+00
349.00 0.00000000e+00
349.10 0.00000000e+00
349.20 0.00000000e+00
349.30 0.00000000e+00
349.40 0.00000000e+00
349.50 0.00000000e+00
349.60 0.00000000e+00
349.70 0.00000000e+00
349.80 0.00000000e+00
349.90 0.00000000e+00
350.00 0.00000000e+00
350.10 0.00000000e+00
350.20 0.00000000e+00
350.30 0.00000000e+00
350.40 0.00000000e+00
350.50 0.00000000e+00
350.60 0.00000000e+00
350.70 0.00000000e+00
350.80 0.00000000e+00
350.90 0.00000000e+00
351.00 0.00000000e+00
351.10 0.00000000e+00
351.20 0.00000000e+00
351.30 0.00000000e+00
351.40 0.00000000e+00
351.50 0.00000000e+00
351.60 0.00000000e+00
351.70 0.00000000e+00
351.80 0.00000000e+00
351.90 0.00000000e+00
352.00 0.00000000e+00
352.10 0.00000000e+00
352.20 0.00000000e+00
352.30 0.00000000e+00
352.40 0.00000000e+00
352.50 0.00000000e+00
352.60 0.00000000e+00
352.70 0.00000000e+00
352.80 0.00000000e+00
352.90 0.00000000e+00
353.00 0.00000000e+00
353.10 0.00000000e+00
353.20 0.00000000e+00
353.30 0.00000000e+00
353.40 0.00000000e+00
353.50 0.00000000e+00
353.60 0.00000000e+00
353.70 0.00000000e+00
353.80 0.00000000e+00
353.90 0.00000000e+00
354.00 0.00000000e+00
354.10 0.00000000e+00
354.20 0.00000000e+00
354.30 0.00000000e+00
354.40 0.00000000e+00
354.50 0.00000000e+00
354.60 0.00000000e+00
354.70 0.00000000e+00
354.80 0.00000000e+00
354.90 0.00000000e+00
355.00 0.00000000e+00
355.10 0.00000000e+00
355.20 0.00000000e+00
355.30 0.00000000e+00
355.40 0.00000000e+00
355.50 0.00000000e+00
355.60 0.00000000e+00
355.70 0.00000000e+00
355.80 0.00000000e+00
355.90 0.00000000e+00
356.00 0.00000000e+00
356.10 0.00000000e+00
356.20 0.00000000e+00
356.30 0.00000000e+00
356.40 0.00000000e+00
356.50 0.00000000e+00
356.60 0.00000000e+00
356.70 0.00000000e+00
356.80 0.00000000e+00
356.90 0.00000000e+00
357.00 0.00000000e+00
357.10 0.00000000e+00
357.20 0.00000000e+00
357.30 0.00000000e+00
357.40 0.00000000e+00
357.50 0.00000000e+00
357.60 0.00000000e+00
357.70 0.00000000e+00
357.80 0.00000000e+00
357.90 0.00000000e+00
358.00 0.00000000e+00
358.10 0.00000000e+00
358.20 0.00000000e+00
358.30 0.00000000e+00
358.40 0.00000000e+00
358.50 0.00000000e+00
358.60 0.00000000e+00
358.70 0.00000000e+00
358.80 0.00000000e+00
358.90 0.00000000e+00
359.00 0.00000000e+00
359.10 0.00000000e+00
359.20 0.00000000e+00
359.30 0.00000000e+00
359.40 0.00000000e+00
359.50 0.00000000e+00
359.60 0.00000000e+00
359.70 0.00000000e+00
359.80 0.00000000e+00
359.90 0.00000000e+00
360.00 0.00000000e+00
360.10 0.00000000e+00
360.20 0.00000000e+00
360.30 0.00000000e+00
360.40 0.00000000e+00
360.50 0.00000000e+00
360.60 0.00000000e+00
360.70 0.00000000e+00
360.80 0.00000000e+00
360.90 0.00000000e+00
361.00 0.00000000e+00
361.10 0.00000000e+00
361.20 0.00000000e+00
361.30 0.00000000e+00
361.40 0.00000000e+00
361.50 0.00000000e+00
361.60 0.00000000e+00
361.70 0.00000000e+00
361.80 0.00000000e+00
361.90 0.00000000e+00
362.00 0.00000000e+00
362.10 0.00000000e+00
362.20 0.00000000e+00
362.30 0.00000000e+00
362.40 0.00000000e+00
362.50 0.00000000e+00
362.60 0.00000000e+00
362.70 0.00000000e+00
362.80 0.00000000e+00
362.90 0.00000000e+00
363.00 0.00000000e+00
363.10 0.00000000e+00
363.20 0.00000000e+00
363.30 0.00000000e+00
363.40 0.00000000e+00
363.50 0.00000000e+00
363.60 0.00000000e+00
363.70 0.00000000e+00
363.80 0.00000000e+00
363.90 0.00000000e+00
364.00 0.00000000e+00
364.10 0.00000000e+00
364.20 0.00000000e+00
364.30 0.00000000e+00
364.40 0.00000000e+00
364.50 0.00000000e+00
364.60 0.00000000e+00
364.70 0.00000000e+00
364.80 0.00000000e+00
364.90 0.00000000e+00
365.00 0.00000000e+00
365.10 0.00000000e+00
365.20 0.00000000e+00
365.30 0.00000000e+00
365.40 0.00000000e+00
365.50 0.00000000e+00
365.60 0.00000000e+00
365.70 0.00000000e+00
365.80 0.00000000e+00
365.90 0.00000000e+00
366.00 0.00000000e+00
366.10 0.00000000e+00
366.20 0.00000000e+00
366.30 0.00000000e+00
366.40 0.00000000e+00
366.50 0.00000000e+00
366.60 0.00000000e+00
366.70 0.00000000e+00
366.80 0.00000000e+00
366.90 0.00000000e+00
367.00 0.00000000e+00
367.10 0.00000000e+00
367.20 0.00000000e+00
367.30 0.00000000e+00
367.40 0.00000000e+00
367.50 0.00000000e+00
367.60 0.00000000e+00
367.70 0.00000000e+00
367.80 0.00000000e+00
367.90 0.00000000e+00
368.00 0.00000000e+00
368.10 0.00000000e+00
368.20 0.00000000e+00
368.30 0.00000000e+00
368.40 0.00000000e+00
368.50 0.00000000e+00
368.60 0.00000000e+00
368.70 0.00000000e+00
368.80 0.00000000e+00
368.90 0.00000000e+00
369.00 0.00000000e+00
369.10 0.00000000e+00
369.20 0.00000000e+00
369.30 0.00000000e+00
369.40 0.00000000e+00
369.50 0.00000000e+00
369.60 0.00000000e+00
369.70 0.00000000e+00
369.80 0.00000000e+00
369.90 0.00000000e+00
370.00 0.00000000e+00
370.10 0.00000000e+00
370.20 0.00000000e+00
370.30 0.00000000e+00
370.40 0.00000000e+00
370.50 0.00000000e+00
370.60 0.00000000e+00
370.70 0.00000000e+00
370.80 0.00000000e+00
370.90 0.00000000e+00
371.00 0.00000000e+00
371.10 0.00000000e+00
371.20 0.00000000e+00
371.30 0.00000000e+00
371.40 0.00000000e+00
371.50 0.00000000e+00
371.60 0.00000000e+00
371.70 0.00000000e+00
371.80 0.00000000e+00
371.90 0.00000000e+00
372.00 0.00000000e+00
372.10 0.00000000e+00
372.20 0.00000000e+00
372.30 0.00000000e+00
372.40 0.00000000e+00
372.50 0.00000000e+00
372.60 0.00000000e+00
372.70 0.00000000e+00
372.80 0.00000000e+00
372.90 0.00000000e+00
373.00 0.00000000e+00
373.10 0.00000000e+00
373.20 0.00000000e+00
373.30 0.00000000e+00
373.40 0.00000000e+00
373.50 0.00000000e+00
373.60 0.00000000e+00
373.70 0.00000000e+00
373.80 0.00000000e+00
373.90 0.00000000e+00
374.00 0.00000000e+00
374.10 0.00000000e+00
374.20 0.00000000e+00
374.30 0.00000000e+00
374.40 0.00000000e+00
374.50 0.00000000e+00
374.60 0.00000000e+00
374.70 0.00000000e+00
374.80 0.00000000e+00
374.90 0.00000000e+00
375.00 0.00000000e+00
375.10 0.00000000e+00
375.20 0.00000000e+00
375.30 0.00000000e+00
375.40 0.00000000e+00
375.50 0.00000000e+00
375.60 0.00000000e+00
375.70 0.00000000e+00
375.80 0.00000000e+00
375.90 0.00000000e+00
376.00 0.00000000e+00
376.10 0.00000000e+00
376.20 0.00000000e+00
376.30 0.00000000e+00
376.40 0.00000000e+00
376.50 0.00000000e+00
376.60 0.00000000e+00
376.70 0.00000000e+00
376.80 0.00000000e+00
376.90 0.00000000e+00
377.00 0.00000000e+00
377.10 0.00000000e+00
377.20 0.00000000e+00
377.30 0.00000000e+00
377.40 0.00000000e+00
377.50 0.00000000e+00
377.60 0.00000000e+00
377.70 0.00000000e+00
377.80 0.00000000e+00
377.90 0.00000000e+00
378.00 0.00000000e+00
378.10 0.00000000e+00
378.20 0.00000000e+00
378.30 0.00000000e+00
378.40 0.00000000e+00
378.50 0.00000000e+00
378.60 0.00000000e+00
378.70 0.00000000e+00
378.80 0.00000000e+00
378.90 0.00000000e+00
379.00 0.00000000e+00
379.10 0.00000000e+00
379.20 0.00000000e+00
379.30 0.00000000e+00
379.40 0.00000000e+00
379.50 0.00000000e+00
379.60 0.00000000e+00
379.70 0.00000000e+00
379.80 0.00000000e+00
379.90 0.00000000e+00
380.00 0.00000000e+00
380.10 0.00000000e+00
380.20 0.00000000e+00
380.30 0.00000000e+00
380.40 0.00000000e+00
380.50 0.00000000e+00
380.60 0.00000000e+00
380.70 0.00000000e+00
380.80 0.00000000e+00
380.90 0.00000000e+00
381.00 0.00000000e+00
381.10 0.00000000e+00
381.20 0.00000000e+00
381.30 0.00000000e+00
381.40 0.00000000e+00
381.50 0.00000000e+00
381.60 0.00000000e+00
381.70 0.00000000e+00
381.80 0.00000000e+00
381.90 0.00000000e+00
382.00 0.00000000e+00
382.10 0.00000000e+00
382.20 0.00000000e+00
382.30 0.00000000e+00
382.40 0.00000000e+00
382.50 0.00000000e+00
382.60 0.00000000e+00
382.70 0.00000000e+00
382.80 0.00000000e+00
382.90 0.00000000e+00
383.00 0.00000000e+00
383.10 0.00000000e+00
383.20 0.00000000e+00
383.30 0.00000000e+00
383.40 0.00000000e+00
383.50 0.00000000e+00
383.60 0.00000000e+00
383.70 0.00000000e+00
383.80 0.00000000e+00
383.90 0.00000000e+00
384.00 0.00000000e+00
384.10 0.00000000e+00
384.20 0.00000000e+00
384.30 0.00000000e+00
384.40 0.00000000e+00
384.50 0.00000000e+00
384.60 0.00000000e+00
384.70 0.00000000e+00
384.80 0.00000000e+00
384.90 0.00000000e+00
385.00 0.00000000e+00
385.10 0.00000000e+00
385.20 0.00000000e+00
385.30 0.00000000e+00
385.40 0.00000000e+00
385.50 0.00000000e+00
385.60 0.00000000e+00
385.70 0.00000000e+00
385.80 0.00000000e+00
385.90 0.00000000e+00
386.00 0.00000000e+00
386.10 0.00000000e+00
386.20 0.00000000e+00
386.30 0.00000000e+00
386.40 0.00000000e+00
386.50 0.00000000e+00
386.60 0.00000000e+00
386.70 0.00000000e+00
386.80 0.00000000e+00
386.90 0.00000000e+00
387.00 0.00000000e+00
387.10 0.00000000e+00
387.20 0.00000000e+00
387.30 0.00000000e+00
387.40 0.00000000e+00
387.50 0.00000000e+00
387.60 0.00000000e+00
387.70 0.00000000e+00
387.80 0.00000000e+00
387.90 0.00000000e+00
388.00 0.00000000e+00
388.10 0.00000000e+00
388.20 0.00000000e+00
388.30 0.00000000e+00
388.40 0.00000000e+00
388.50 0.00000000e+00
388.60 0.00000000e+00
388.70 0.00000000e+00
388.80 0.00000000e+00
388.90 0.00000000e+00
389.00 0.00000000e+00
389.10 0.00000000e+00
389.20 0.00000000e+00
389.30 0.00000000e+00
389.40 0.00000000e+00
389.50 0.00000000e+00
389.60 0.00000000e+00
389.70 0.00000000e+00
389.80 0.00000000e+00
389.90 0.00000000e+00
390.00 0.00000000e+00
390.10 0.00000000e+00
390.20 0.00000000e+00
390.30 0.00000000e+00
390.40 0.00000000e+00
390.50 0.00000000e+00
390.60 0.00000000e+00
390.70 0.00000000e+00
390.80 0.00000000e+00
390.90 0.00000000e+00
391.00 0.00000000e+00
391.10 0.00000000e+00
391.20 0.00000000e+00
391.30 0.00000000e+00
391.40 0.00000000e+00
391.50 0.00000000e+00
391.60 0.00000000e+00
391.70 0.00000000e+00
391.80 0.00000000e+00
391.90 0.00000000e+00
392.00 0.00000000e+00
392.10 0.00000000e+00
392.20 0.00000000e+00
392.30 0.00000000e+00
392.40 0.00000000e+00
392.50 0.00000000e+00
392.60 0.00000000e+00
392.70 0.00000000e+00
392.80 0.00000000e+00
392.90 0.00000000e+00
393.00 0.00000000e+00
393.10 0.00000000e+00
393.20 0.00000000e+00
393.30 0.00000000e+00
393.40 0.00000000e+00
393.50 0.00000000e+00
393.60 0.00000000e+00
393.70 0.00000000e+00
393.80 0.00000000e+00
393.90 0.00000000e+00
394.00 0.00000000e+00
394.10 0.00000000e+00
394.20 0.00000000e+00
394.30 0.00000000e+00
394.40 0.00000000e+00
394.50 0.00000000e+00
394.60 0.00000000e+00
394.70 0.00000000e+00
394.80 0.00000000e+00
394.90 0.00000000e+00
395.00 0.00000000e+00
395.10 0.00000000e+00
395.20 0.00000000e+00
395.30 0.00000000e+00
395.40 0.00000000e+00
395.50 0.00000000e+00
395.60 0.00000000e+00
395.70 0.00000000e+00
395.80 0.00000000e+00
395.90 0.00000000e+00
396.00 0.00000000e+00
396.10 0.00000000e+00
396.20 0.00000000e+00
396.30 0.00000000e+00
396.40 0.00000000e+00
396.50 0.00000000e+00
396.60 0.00000000e+00
396.70 0.00000000e+00
396.80 0.00000000e+00
396.90 0.00000000e+00
397.00 0.00000000e+00
397.10 0.00000000e+00
397.20 0.00000000e+00
397.30 0.00000000e+00
397.40 0.00000000e+00
397.50 0.00000000e+00
397.60 0.00000000e+00
397.70 0.00000000e+00
397.80 0.00000000e+00
397.90 0.00000000e+00
398.00 0.00000000e+00
398.10 0.00000000e+00
398.20 0.00000000e+00
398.30 0.00000000e+00
398.40 0.00000000e+00
398.50 0.00000000e+00
398.60 0.00000000e+00
398.70 0.00000000e+00
398.80 0.00000000e+00
398.90 0.00000000e+00
399.00 0.00000000e+00
399.10 0.00000000e+00
399.20 0.00000000e+00
399.30 0.00000000e+00
399.40 0.00000000e+00
399.50 0.00000000e+00
399.60 0.00000000e+00
399.70 0.00000000e+00
399.80 0.00000000e+00
399.90 0.00000000e+00
400.00 0.00000000e+00
